[5, 15, 4, 5, 3, 2, 10, -7]
[-4, -4, 8, 1, -3, -6, 9, 12]
[1, 2, 3, 3, 6, 11, 33, 10]
[-10, 4, 5, 1, 3, 1, -5, 2]
[-4, 9, 2, 1, 5, -1, -7, 5]
[2, 1, -2, 1, 1, -2, 3, 9]
[-13, 4, 6, 0, 1, -6, -24, 20]
[11, -13, -11, -2, -2, -1, 16, -63]
[2, 16, 8, 3, 7, 7, 6, 3]
[1, -8, -8, -5, -9, 0, -7, 1]
[0, -1, 1, 1, 3, -4, -12, 8]
[10, 1, -3, -3, -4, -5, -6, -43]
[-3, -14, -5, -4, -5, -7, -5, -2]
[-8, -24, -4, -1, -1, 0, 1, -20]
[11, 7, -1, 0, 1, 9, 22, -9]
[-2, -10, -5, -4, -14, -11, -26, 21]
[4, -8, 5, 2, 0, 10, 30, -30]
[0, 14, 12, -1, 0, 2, -5, 17]
[-5, -30, -51, -11, -9, -6, 2, -8]
[-5, 16, 31, 9, 8, 2, 11, 26]
[-12, 24, 18, -2, 7, 19, 79, -2]
[15, -32, -25, -22, -17, -10, -20, -58]
[10, -10, -17, 1, -2, -3, -9, -27]
[21, 7, 9, 9, 7, 8, 30, 35]
[-4, -25, -27, -15, -3, -6, -13, -20]
[-6, 55, -8, 13, 4, 3, 28, 26]
[-10, -8, 15, -3, 7, 10, 4, 20]
[-13, -3, 6, 8, 2, -3, -9, 1]
[-10, -18, 25, -12, -11, -9, -20, -23]
[1, 4, -6, 12, 4, 2, 11, 49]
[0, 4, -41, -14, -4, -8, -35, -38]
[16, -7, 20, -13, -9, 1, 22, -38]
[-16, 17, 9, 35, 8, -1, -20, 68]
[-2, -19, 1, -8, -3, -5, -29, 9]
[8, 1, 11, 8, -4, 1, 26, 5]
[-17, -4, -40, -25, -5, -1, -16, 5]
[8, 3, -18, 1, 5, -11, -27, -32]
[-20, -35, 32, 5, 4, 23, 61, -6]
[-15, -6, 9, 5, -2, -2, 2, 19]
[7, 14, -13, -14, -3, -4, -8, -1]
[14, -12, -13, -3, -10, -7, -13, -33]
[2, 2, -6, -3, 0, 4, -8, -8]
[-5, -10, -3, -6, -4, 2, 6, -5]
[3, -13, 8, 7, 1, 0, -2, -5]
[2, 10, 0, -6, 0, 9, 12, 2]
[4, 1, 8, 3, -3, -19, -17, -3]
[3, 4, 6, -1, 0, 8, -7, -8]
[-12, -2, -2, 4, -4, -13, -21, 1]
[9, -5, 2, 9, 9, 11, 9, 19]
[-10, 2, -8, -8, -3, -7, -22, 5]
[8, 6, 12, 6, 3, -5, 15, 22]
[9, 12, -1, 4, -4, -1, 5, -6]
[3, -14, -12, -9, -8, -8, -14, -5]
[4, -3, 2, -3, -2, 25, 8, -2]
[-6, 10, -3, -4, -4, -8, 4, 21]
[-11, -22, -5, 1, -6, 0, -5, 0]
[7, 11, -18, -7, -5, -6, 8, -3]
[-2, -32, 4, 5, 2, -2, 7, 6]
[-3, -14, 3, 1, -8, -9, -14, -5]
[-6, 19, 12, 4, 4, 5, -2, 14]
[-12, 13, 4, 1, 3, 1, -3, 2]
[-8, 5, -7, -2, 1, -10, 1, -19]
[7, -8, -2, 1, 4, 5, -3, -6]
[31, 33, 14, 7, 7, 4, -2, -4]
[-8, -6, 6, 2, 4, 10, 37, 4]
[14, 22, 9, 4, 6, 3, -8, -8]
[-11, -7, 7, 3, 6, 3, 0, -2]
[-13, 15, 0, 0, 3, 1, 12, -3]
[-9, -4, 5, -1, -5, -8, -24, 7]
[14, 2, 0, -3, -2, -5, -14, -3]
[14, -1, -7, -4, -6, -6, 16, -32]
[8, -31, -14, -8, -8, 1, -22, -9]
[-1, -13, -5, -2, -8, -6, -5, 3]
[-12, -6, -7, -3, -8, -9, -17, 14]
[16, -7, -14, -8, -12, -10, -28, -35]
[-7, -9, -5, 1, -5, -6, 12, 4]
[3, -12, -3, -5, -7, -6, -40, -9]
[2, -13, -10, -2, -5, -4, 7, -5]
[0, 18, 7, 0, -1, 8, 21, 21]
[-5, -18, -4, 0, 2, 3, 1, 2]
[8, -4, -4, -5, -6, -1, -6, 0]
[-1, 19, -1, -1, -3, -9, -22, -10]
[-10, -1, -5, -2, -5, -3, -8, 11]
[-3, -6, 1, 4, 1, -1, 7, 4]
[7, 6, 3, -2, 1, 1, -2, 0]
[-6, -15, -1, 1, 2, 5, 13, -5]
[-9, 13, 5, 2, 4, 6, 9, 5]
[0, 5, 2, -1, 2, -4, -1, -3]
[1, -8, 7, 7, 4, 6, 8, -9]
[-13, 15, 4, 2, 2, 2, 5, 18]
[-4, -2, 0, 0, 2, 3, -6, -16]
[-7, -2, 1, 1, -2, -3, -4, 13]
[3, 8, 1, 1, 2, 0, 1, 3]
[0, -7, -5, -4, -3, 2, -6, 0]
[-11, -2, -3, -2, -6, -6, -11, 8]
[0, -12, -6, -2, -4, -1, -1, 9]
[-2, 1, 2, 0, -4, -2, 11, 2]
[1, 5, 1, -2, 0, -3, -3, 13]
[-5, 5, 3, -1, 6, 4, 13, 14]
[9, -17, -8, -2, 0, 2, -5, -7]
[-5, 4, 4, -2, -3, 0, 0, 2]
[11, 0, 2, 0, 4, -4, 1, -2]
[-23, 7, 4, 2, 4, 1, -2, 19]
[-2, 6, -6, -3, 1, -1, -5, -2]
[-6, -32, 0, 2, 1, 2, -7, -5]
[-6, 0, -1, -3, -6, -3, 9, -12]
[5, -2, -3, 0, -1, 3, 2, 3]
[-7, 1, -2, 0, 0, -1, 3, -3]
[-9, 17, -1, -1, 3, 1, -2, 5]
[11, 5, 1, -1, 0, -7, -20, -1]
[11, -7, -3, -3, -6, -4, 16, -8]
[-2, 8, 4, 6, 6, 12, 3, 0]
[6, -1, 1, 0, 8, 8, 17, 4]
[2, 7, 3, -1, -1, 6, -11, -14]
[-15, 6, -2, -2, -3, -9, -16, -10]
[12, 5, 1, -1, -3, -7, -13, -5]
[0, 9, -2, -4, -9, -8, -4, 32]
[1, 1, -5, 2, 0, 13, 31, 26]
[4, -22, 0, 0, -3, 3, -1, 9]
[-1, -1, -11, -7, -7, -5, -2, -27]
[0, -6, -2, 0, -1, -5, -5, -37]
[35, 4, 1, 1, 2, -6, 7, -22]
[-12, -10, -5, -1, -1, 3, -7, 0]
[-4, -18, 7, 3, 3, 2, 14, 2]
[-19, 17, 6, -3, -6, -3, 2, -1]
[-66, -15, -9, -3, -3, -5, -6, -21]
[92, 29, 13, 8, 4, 2, 0, 14]
[-20, 0, -12, -9, -15, -16, -9, -13]
[26, 1, -6, 2, 6, 10, -17, -6]
[-1, -6, 7, 2, 0, 6, 28, 29]
[-71, -22, -15, -7, -7, -8, -17, -16]
[-22, -1, 7, 6, 8, 1, -7, -1]
[-19, 5, -3, -1, 1, -10, 12, 4]
[14, 7, -1, -4, -10, -4, -65, -16]
[13, 2, -4, 2, -2, -1, 73, 7]
[6, -14, -2, -2, -4, 6, 8, 12]
[-53, -50, -17, -9, -7, -5, -3, -45]
[-104, -26, -7, 2, -5, -29, -18, -40]
[79, 60, 43, 21, 16, 6, -19, 6]
[91, 72, 14, 16, 28, 51, 26, 77]
[-21, 26, 46, 6, 5, 7, 12, 7]
[-8, -22, -5, -17, 2, -6, 6, 56]
[-75, -93, -38, -13, -22, -84, -23, -23]
[-39, 21, -32, 5, -7, -47, 10, 51]
[-114, 62, 40, 13, 50, 109, 49, 115]
[20, -33, -28, -35, -16, -27, -28, -16]
[-109, 14, 10, 10, -19, -68, -21, 65]
[51, -75, -53, -31, -17, -6, -43, -25]
[40, 6, -88, 3, -19, -73, 27, 48]
[81, 23, 3, 4, 42, 121, -25, 1]
[94, -50, 45, -17, 32, 28, 47, 84]
[126, 26, 98, 20, -13, -75, -76, -15]
[51, 27, -21, -42, 3, -36, 42, 27]
[-92, -29, -26, 65, -29, 11, 23, -6]
[-11, -1, 32, -3, -33, -52, -68, -30]
[111, 50, 19, 3, 37, 119, 76, 71]
[-125, -67, 20, -33, -33, -7, 10, -31]
[39, 17, 39, -4, -8, -40, -25, 47]
[-88, -48, -18, -20, -9, 21, -8, -106]
[76, 77, 18, 31, -6, -29, -7, -110]
[-90, -13, -42, 0, 13, 26, -19, -36]
[44, 29, 3, 15, 22, -22, 113, -32]
[-86, -29, -55, -7, -14, 39, -69, -66]
[19, -61, -3, -25, 8, 37, 54, 22]
[30, 9, -13, 21, 9, 5, -87, -22]
[30, 36, 26, -3, 7, -15, 49, 8]
[5, -1, -28, -2, 7, 12, -19, -1]
[-8, -59, -83, -19, -10, -29, -4, -12]
[4, -9, 57, 4, -37, -26, -64, -74]
[-2, -25, -56, -14, -28, -22, 0, 10]
[43, -27, 10, -1, -7, -7, 23, 0]
[-46, -39, -41, -10, -32, -14, -47, 22]
[9, -26, -22, -5, -26, -38, -21, -35]
[-17, 10, 8, -20, -13, -12, -10, -23]
[80, 10, -93, -12, 1, 14, -40, 18]
[-71, -76, 28, -1, -3, -41, -5, -36]
[20, 106, 84, 34, 43, 57, 95, 38]
[-2, 32, 15, 10, 17, 22, -10, 48]
[6, 83, 39, 23, 37, 31, 19, 22]
[-41, 33, 8, 5, 14, -8, -21, -19]
[-18, -84, -20, 0, 5, -13, -12, 15]
[13, 1, 33, 0, -18, -4, 60, 20]
[24, 7, 15, 5, -4, 19, 13, -2]
[-12, 11, 13, -2, 2, 7, 20, 10]
[-5, -7, -37, -3, 1, -18, -23, -11]
[-21, -14, -5, -5, 10, -21, -86, -25]
[-3, 24, 38, 10, 15, 33, 63, 3]
[3, 32, 11, 8, 11, -50, -2, -12]
[15, -6, 4, 4, 3, 63, 66, -32]
[12, -4, 11, 5, 5, 10, 10, 33]
[9, 21, -5, -7, -13, -37, -47, -28]
[1, 11, 3, 6, 12, 31, 64, -1]
[-4, -12, -9, -6, -36, -50, -89, 14]
[-9, -4, 9, 6, 17, 46, 98, 43]
[44, -29, -43, -15, -9, 27, 0, -28]
[-20, -14, -5, -8, -20, -18, -48, -14]
[4, 1, 14, 3, -5, -30, -14, 9]
[-25, 9, -7, -3, 4, -28, -72, -2]
[-23, 1, 17, 10, 14, 20, 30, 5]
[13, 0, 10, 3, 1, 20, 11, -6]
[-3, -2, -10, -5, -3, -5, 21, -2]
[-13, -24, -21, -7, -14, -5, -16, -69]
[-7, 3, 5, 2, 2, -10, 29, 20]
[26, 1, 0, -6, -12, -3, -16, -8]
[2, -15, -15, -3, -1, 3, -17, -2]
[12, 16, -8, -5, 0, -5, -1, -15]
[18, -67, -2, -1, -9, -16, -15, 10]
[-15, 29, 0, -5, -9, 2, -15, -13]
[15, -15, -10, -8, -6, 0, -1, -33]
[-8, -3, 18, 4, 6, -6, -4, -5]
[-18, 24, 7, 4, 12, 9, 30, -23]
[-31, -8, -7, 1, 7, 14, 19, -22]
[-18, 22, 22, 13, 14, 6, 12, 7]
[42, -3, -5, -3, -3, -3, 14, -26]
[5, 13, -5, -5, -11, -14, -35, 30]
[-3, -22, -6, -1, -2, 6, 27, -3]
[-11, 2, -4, -3, -9, -28, -11, 17]
[-2, -15, -12, -5, -8, 20, -9, -7]
[-3, -3, -3, -2, -6, -8, -23, 7]
[8, -3, 0, -2, -6, -8, -2, 31]
[6, -3, -4, 0, 6, 7, 17, -10]
[1, -7, -1, 0, -3, -14, -25, -1]
[-6, 7, 5, 3, 3, 3, 19, -1]
[-3, 22, 8, -1, -1, -2, -22, -9]
[-7, -16, -8, 1, 0, 2, 7, 21]
[-1, -28, -5, -1, 0, 0, -13, 15]
[-14, -7, -64, -7, -4, -1, 7, 26]
[18, 29, 99, 16, 4, -2, -24, 4]
[-1, -11, -5, -6, -7, -2, 16, -9]
[-11, 26, 6, 1, -3, -7, -19, -11]
[-4, 1, -7, 2, 5, 8, 21, 9]
[-18, -11, -35, -3, 3, 0, -8, 27]
[-1, -10, 5, 2, 5, 1, -13, 12]
[-5, -6, -4, -1, -2, -5, -11, -13]
[-5, 9, 14, 2, -1, -2, 4, -7]
[18, -10, -16, -5, -1, -3, -18, -12]
[-9, 5, 2, -3, -3, 1, 32, -8]
[-7, -40, -15, 0, -4, -19, -28, -33]
[-3, 24, 28, 3, 3, 20, 38, 12]
[30, -20, -20, -11, -17, -4, -20, 17]
[4, 1, -13, -3, -6, -6, -13, 12]
[-3, -3, -6, -5, -7, -6, -14, -12]
[-6, -1, 8, 0, -4, -20, -36, -16]
[-21, -14, 0, 1, 1, 2, 8, -11]
[-2, 4, -3, 2, 2, 5, 2, 11]
[-5, 7, 4, 0, -2, 3, 7, 1]
[-2, 7, 5, 0, 2, 0, -2, -4]
[-1, -7, -55, -6, 1, 6, 23, -13]
[1, -22, 28, 6, 7, 3, -9, 4]
[1, 12, 36, 0, -7, 1, 1, 10]
[-3, 20, 2, 1, -1, -14, -13, -4]
[-2, -4, 1, 5, 5, 20, 26, 1]
[27, -12, -28, -6, -8, -4, -10, 8]
[2, 10, -14, -2, -3, -4, -13, 0]
[6, -16, 4, -2, -5, 1, -5, 11]
[-14, -14, -13, -1, -1, -13, -14, 0]
[-4, 10, 6, -1, 6, 2, 1, -11]
[2, 7, 0, 3, 3, 2, 16, 11]
[-12, 1, 2, -2, -4, -11, -9, -4]
[1, 2, 10, 4, 7, 16, 23, 27]
[-4, -1, -7, -5, -8, -3, -25, -2]
[0, -11, -4, -1, -1, -1, 10, 6]
[-3, -7, 0, 0, 2, 17, 33, -10]
[-10, 2, 3, 0, 3, -4, -14, -12]
[27, 10, 4, 1, 0, -5, -12, -28]
[-4, -8, -11, -1, 2, 0, -5, -11]
[-1, 5, 5, 2, 0, -4, -8, -3]
[-2, 2, 2, -4, -4, -3, 1, -4]
[-8, -12, -2, 1, -1, 0, -1, 3]
[-3, -2, -10, -3, -2, 1, 0, 2]
[9, 4, 22, 0, -3, -3, 1, 13]
[8, 1, -1, -1, -8, -9, -2, 0]
[-17, -7, -4, 2, 2, 1, -1, 10]
[2, 34, -9, -5, -3, 1, 4, -4]
[5, -12, 6, 3, 4, -4, -8, 2]
[-5, 7, 11, 2, 3, 14, 23, -6]
[-5, 3, 0, 0, 0, 15, 39, 13]
[20, 1, -2, 0, 0, 3, -2, 10]
[-5, -13, -16, -4, -7, -8, -16, -9]
[4, 15, -1, 0, -4, -14, -29, -2]
[-10, 7, 4, 3, 1, -3, 1, -21]
[-6, -4, 6, 0, 4, 4, 0, -7]
[13, 0, -3, -1, 3, 2, 15, -2]
[-9, -5, -4, -3, -4, -2, -8, -3]
[-6, -3, 0, 0, 1, 2, -4, 9]
[2, -8, -5, -3, -5, -3, -5, -32]
[-1, 5, -5, -2, -4, -3, -8, 6]
[-5, -12, -18, -4, -5, -7, 6, -9]
[3, 33, 23, 2, -2, -9, -21, 12]
[-8, -1, 2, 2, 4, 14, 45, 10]
[4, -7, -7, -4, -4, -1, -10, 0]
[-3, 2, 1, 0, 0, -1, 1, -8]
[-4, -8, -13, 0, 1, -4, -7, -2]
[-8, -3, -1, 2, 1, -3, -9, 3]
[7, 2, 10, 1, 2, 2, 0, -2]
[3, -11, -10, -2, -2, -3, 8, 8]
[-6, 9, 12, 1, 0, -3, 11, -8]
[2, 23, 10, 3, 3, 10, 16, 17]
[8, -10, -14, -2, -3, 2, 16, -8]
[-2, -7, -1, -1, -5, -12, -28, 1]
[10, -7, -7, -1, -1, 7, 11, -10]
[-2, -11, -6, -4, -4, -9, -8, -3]
[-14, 7, 4, 0, 2, -2, -2, 16]
[-1, -8, -1, -3, -1, 2, -1, -19]
[-3, -1, -7, -3, -3, -6, 0, 3]
[-5, -11, -7, -1, 1, 1, -23, -2]
[4, -1, 2, 1, -1, -2, -19, -6]
[0, -8, 2, -2, -4, 3, 28, 9]
[-3, -5, -4, 0, -3, -3, -12, -7]
[-7, -9, -1, -2, -4, -5, -5, 2]
[-4, 2, -1, 0, 0, -3, -13, 9]
[-3, 2, 1, 1, 3, 3, -3, -10]
[3, -8, -2, -2, -3, -2, -5, 0]
[-4, -8, -15, -4, -3, -5, -4, -1]
[4, 25, 0, 3, 3, 3, 12, 14]
[11, 6, 25, 3, 2, 7, 3, 5]
[-1, 2, -2, -3, -3, 2, -7, 1]
[1, -5, 2, 2, -2, -3, -5, -2]
[-6, -2, -9, -4, -2, -1, 0, -13]
[-8, -7, -12, -3, -3, -3, -3, 2]
[2, -5, -3, -1, -2, -3, -6, -2]
[-2, 5, 5, -1, -1, -1, -12, -4]
[-3, -7, -5, -1, -1, -1, 6, -6]
[-3, -18, -8, -1, -1, -3, 7, 1]
[20, 1, 14, 5, 10, 18, 33, 30]
[6, -15, -5, -4, -7, -3, 9, -3]
[-4, 1, 1, -4, -4, -2, -18, -14]
[-5, -7, -5, -5, -2, -10, -18, -1]
[-9, 2, -6, 1, -1, -7, -16, -5]
[-6, -9, 0, 0, 2, 2, 6, -1]
[9, -4, 2, 2, -1, 1, 6, -7]
[3, 15, 2, 3, -1, 0, -5, 11]
[-2, -3, -5, -3, -1, -5, 7, -12]
[-5, 0, 1, 0, -1, -3, 0, -5]
[-3, -14, -5, -3, -1, 3, -4, -22]
[15, 16, 11, -1, 0, 2, 3, -1]
[-8, -33, -7, -1, -4, -3, -5, -5]
[6, 8, -1, -4, -4, -3, -6, -25]
[1, -27, -11, -3, -4, -8, -32, -10]
[-3, 19, 7, 3, 3, 9, 52, 2]
[-8, -3, -6, -5, -7, -8, -14, -5]
[-3, -10, 4, 2, -1, -2, -2, 27]
[25, 16, -2, 1, 2, 0, 7, 1]
[-4, -21, -8, -3, -2, -1, -33, -3]
[-5, 18, 1, 0, 0, -4, 1, -1]
[-8, 10, 4, 3, 1, 2, 0, 7]
[-2, -4, -3, -4, -5, -6, -5, 5]
[-1, -2, 6, 2, 3, -5, -12, 4]
[-5, -2, -9, -4, -5, 5, -5, -3]
[1, 10, 4, 2, 0, -7, -13, -4]
[7, -3, 1, 0, -3, 3, 18, 6]
[1, -4, -5, -2, -4, -3, 6, 4]
[1, 11, -1, -3, -5, -10, -45, -7]
[2, -15, -9, -1, 2, 11, 57, 2]
[4, 2, 9, -4, -5, -6, -25, 2]
[-1, -7, 3, 0, -3, -5, -18, 1]
[-9, 21, 7, 0, -2, -2, 23, -1]
[3, -5, -13, -1, -1, 0, -18, -4]
[-16, 0, -2, 2, 3, 7, 17, 36]
[-14, -15, 8, -1, -4, -3, -6, 0]
[3, -12, -4, -2, -3, -4, -6, -11]
[23, 17, 8, 2, 2, -2, -12, 2]
[-16, 4, -1, 0, 2, 2, 21, 4]
[-16, 4, -5, 1, 3, -1, -3, -5]
[34, -3, -4, -1, -2, 3, 1, -32]
[14, 17, 5, 3, 0, 4, 10, 23]
[-21, -9, -3, -2, -3, -2, -4, -7]
[26, 0, -2, 0, -2, -2, -4, -8]
[-14, 6, 0, 0, -1, -1, 12, 4]
[-3, -16, -11, -4, -4, -3, -7, -6]
[-4, -23, -15, -1, -3, -3, -10, -14]
[-3, -12, 5, 0, -4, -4, -13, -6]
[10, 0, 7, -1, -1, 0, -4, 21]
[6, -26, -6, -5, -11, -7, -10, -1]
[-4, 11, 8, 0, -1, -2, -7, -4]
[-4, 7, -12, -1, 2, 0, 1, 0]
[-4, -9, -4, 1, 2, 5, -2, 3]
[-11, -5, -5, -2, 1, -3, -10, -5]
[10, 4, 0, 0, 0, 1, 9, -1]
[10, -5, -8, -5, -8, -7, -13, -10]
[-2, -2, -3, -4, -2, -1, -8, 2]
[-9, 0, 2, -1, -3, -5, -11, -15]
[-1, -3, -1, 2, 2, 6, 42, 1]
[13, 21, 6, 1, 2, 5, -2, 7]
[-22, -11, -2, 3, 4, 0, 7, 6]
[-4, 9, 1, 1, 2, 2, 12, 2]
[12, 9, 5, 3, 3, 1, -18, 0]
[11, 0, 1, 3, 2, 5, 31, 4]
[-15, -6, -8, -5, -3, -3, -13, -8]
[-1, 0, 4, 0, 1, 1, 11, -1]
[2, 22, 5, 0, 1, -3, -9, -6]
[-14, -3, -6, 0, 0, 1, 7, 2]
[4, 4, 5, -2, -6, -5, -2, 1]
[-3, -18, -4, -2, -3, -1, -4, -4]
[-10, -5, -7, -1, -6, -5, -6, -3]
[9, 0, -7, -3, 0, 0, -7, -1]
[-6, -4, -2, 3, -1, -1, 5, -5]
[15, 11, 8, 3, 6, 8, 6, 24]
[0, 0, 1, 0, 1, 1, 3, 10]
[6, -2, 1, 0, 4, 2, -1, -3]
[9, 0, 3, 0, -1, -3, 0, -2]
[-21, 25, 6, 0, 1, -2, -7, -4]
[2, -29, -9, -2, -5, 7, 9, 5]
[-7, 2, 1, -2, -3, -5, -18, 1]
[16, -4, 0, 0, 3, 4, 19, 9]
[-5, 20, -4, -3, -4, -8, -22, -1]
[-19, -8, -2, -4, -2, -3, 13, -5]
[22, 9, -8, 0, 1, -2, -10, 0]
[-5, -4, 1, -1, -1, 3, 18, -2]
[13, -17, 4, -2, 0, -4, -11, -1]
[-9, 21, 2, 1, -1, -1, -11, -6]
[-7, -13, -12, -3, -3, 1, -1, -8]
[7, 27, 10, 3, 2, -2, 2, 3]
[-6, -22, -2, 0, -2, 2, -2, -4]
[4, -6, -4, -4, -2, -4, 2, -17]
[11, 7, 7, 5, 2, 5, 14, 8]
[21, 0, -12, -2, -2, -2, -9, 8]
[-11, -3, 5, 0, 1, 3, 5, 0]
[4, 6, 2, 1, 0, -1, 5, -4]
[-36, -16, -10, -6, -8, -5, -8, -16]
[-17, -11, -3, 1, 1, 1, 0, -4]
[21, 4, -3, 1, 4, 5, 11, 8]
[-10, -11, 8, 2, 1, -6, -18, 1]
[23, 11, 3, 0, 0, 6, 26, 10]
[-19, -26, -11, -5, -5, -4, -9, -3]
[38, 25, 0, 1, 4, 3, 26, 6]
[10, -2, -4, 0, -6, -3, -20, 5]
[-24, -9, 0, -3, -3, -4, -10, -12]
[-53, -6, 3, -2, -4, -11, -8, -18]
[22, 2, -21, 4, 5, 4, 3, -5]
[9, -4, -12, 1, -7, -3, 3, 18]
[-20, 1, 2, -6, -1, -4, -2, 0]
[30, 9, 2, -10, -2, 1, -2, -1]
[-58, -50, 0, 7, -1, -6, -13, 7]
[62, 40, 22, 3, 5, 0, 8, 12]
[2, -7, -17, -2, -6, -2, -8, -2]
[15, 12, 13, -1, 0, 0, -1, 7]
[-4, 10, 0, -9, -5, -3, -5, 5]
[-16, 9, 0, 6, 5, 5, 12, 3]
[9, -16, 2, 1, 2, -1, -14, -17]
[-13, 3, -4, 1, 1, 0, 5, 10]
[-3, 6, 7, 1, -2, -2, 17, 10]
[-37, -3, 18, 5, 5, 0, -1, 69]
[-7, 12, -10, -1, 5, 5, 10, 23]
[5, -18, -1, 1, -4, -4, -36, 1]
[-6, -13, -13, -2, -4, -8, 21, 8]
[-19, 0, 2, 10, -2, 2, 1, 3]
[12, 12, 18, 9, 3, 6, 22, 22]
[-18, -11, -17, -4, -2, 1, 2, -5]
[1, -29, -7, -9, -2, -3, -10, -12]
[27, 4, -5, -13, -7, -8, -24, -38]
[29, 3, -8, 6, -4, -3, 4, -5]
[3, 6, 5, 3, 0, 0, 7, -5]
[-14, -11, -6, -6, -3, -3, -13, -24]
[-59, -27, -16, -5, -6, -5, 1, -28]
[43, 3, -6, -1, 5, 1, -1, 38]
[3, 19, 12, 7, 2, -3, 5, 7]
[17, 3, 6, -4, -7, -5, -15, -3]
[-11, -14, -52, -16, -3, 10, 24, -55]
[-50, 2, 10, 17, -3, -2, -3, 23]
[-58, -38, -16, -8, -4, -4, -13, -78]
[85, 60, 16, 15, 7, -1, 0, 39]
[16, 23, 23, 1, -1, 10, 12, 5]
[-62, -11, -10, -15, -11, -19, -41, -39]
[25, -14, -20, 5, 4, 7, 36, 5]
[-87, -37, -5, -6, -12, -6, -6, -2]
[-66, -34, -15, -6, -2, -30, 17, -46]
[90, 81, 44, 12, 24, 57, 32, 48]
[111, 37, 13, 12, 23, 29, 15, 48]
[3, 21, 5, -6, -9, 3, -7, 4]
[-76, -65, -1, 10, -9, -39, -48, -36]
[71, -25, 0, -21, 4, 18, 3, -39]
[-76, -33, -26, 6, -31, -29, -23, -51]
[74, 15, -1, -10, -2, 8, 5, -74]
[112, 59, 10, 20, 1, 14, 35, 104]
[119, -77, -13, -25, -24, -56, -83, -43]
[-19, 14, 7, 14, 1, 7, 37, -7]
[19, -13, -2, 29, 33, 59, -23, 38]
[-18, -3, 11, -19, -16, -45, -18, -22]
[-36, 8, 22, 24, 1, -18, 12, -50]
[56, 24, 3, -9, 34, 72, 68, 35]
[127, 50, 46, 5, -15, -22, -51, -49]
[18, 14, 1, 3, 36, 76, 44, -79]
[-3, 27, -13, -15, -9, -45, -14, 80]
[-105, -1, -3, -8, -25, -47, -27, -13]
[-51, -35, -24, 5, 22, 63, 72, -52]
[-84, -77, -38, -21, -20, -49, -43, 50]
[0, 77, 15, 3, 4, 59, 25, 22]
[-19, -2, -2, -12, -24, -27, -12, 24]
[-66, -53, -22, -16, -18, -52, -31, 53]
[82, 37, 24, 7, 6, 23, 2, 79]
[9, -99, -54, -14, -16, -32, 1, -53]
[7, -14, -36, -14, -23, -30, -67, -33]
[64, 37, 29, -1, -2, 13, 11, 15]
[-5, -52, -10, -13, -16, -14, -17, -63]
[4, -34, -8, 1, 0, -2, 33, -2]
[101, 15, -5, 3, 4, 8, -32, 39]
[-22, -14, -4, -3, 4, -31, 33, 11]
[35, 17, 9, 11, 20, 38, 0, 25]
[-52, 29, -6, 11, -2, 1, 18, -96]
[-22, 2, 11, 0, 21, 19, 18, -11]
[3, -2, -4, 0, 3, -8, -34, -5]
[20, -32, -2, -14, -17, -14, -33, -13]
[1, 22, 16, 7, 1, 16, 0, -5]
[-26, -13, -11, 0, -1, -25, 11, 28]
[35, 14, -6, -12, -28, -27, -48, 22]
[-29, -16, -22, -13, -2, 10, 70, -36]
[-7, 46, -1, 21, 15, 36, -18, 29]
[-10, 15, 38, -4, 2, 1, 7, -3]
[6, -5, -21, 1, 3, 16, -38, -27]
[7, 51, 15, 5, -6, -12, 20, 35]
[-30, -94, -39, -15, -10, -44, -82, -23]
[33, 57, 28, 16, 13, 35, 46, -11]
[-13, 19, -4, -14, -14, -31, -68, -36]
[-12, 6, 6, 10, 11, 16, 57, 18]
[28, -16, -5, -1, 1, 33, 55, 46]
[-11, -26, -10, -10, -17, -37, -103, 5]
[-24, -24, 8, 8, 15, 37, 106, 8]
[-2, 28, 1, 2, -5, -43, -88, -21]
[10, 6, 24, 5, 13, 27, 81, 50]
[-10, 6, 1, 0, 3, 8, -3, -27]
[-9, -14, -10, -2, -4, 0, 53, 45]
[2, -17, -4, 3, -4, -9, -61, -3]
[-21, 20, 10, -5, 1, -28, -31, -18]
[28, 22, 19, 14, 12, 15, 24, 38]
[-12, 16, 8, 9, 11, -9, -7, -6]
[-37, 25, 17, 6, 1, -14, 13, -2]
[-20, -10, -1, -3, 13, 66, 8, 1]
[32, 4, 4, 2, -4, -24, -3, -6]
[59, 18, 15, 7, 5, 25, 21, 21]
[0, 6, 5, -1, 4, 7, 4, 7]
[-23, -15, -8, -9, -18, -48, -17, -35]
[-35, -35, -14, -6, -3, 10, 0, -4]
[4, -19, -16, -12, -16, -25, -34, -3]
[12, -17, -12, -6, -9, 12, 30, 7]
[13, -17, -10, -12, -25, -28, -17, 8]
[-9, -3, -15, -6, -5, -12, 21, -11]
[23, -35, -9, 1, 1, 20, 39, 42]
[6, 12, -17, -6, -12, -5, -37, -13]
[8, 4, 17, -2, 1, -7, 0, 18]
[-39, -24, -9, 0, 1, -10, -27, 7]
[32, 13, 18, 9, 13, -3, 3, -47]
[29, 26, 11, 1, 11, 16, 16, 27]
[-4, -14, -13, 10, 6, 6, 8, 28]
[-41, -3, -2, -5, -3, -5, -5, -9]
[-83, -28, -6, 0, 1, -5, -5, -24]
[102, 57, 32, 20, 15, 17, 15, 29]
[-9, 24, 6, -3, -1, -8, -10, -16]
[26, -5, 9, 6, 15, 34, 6, -7]
[-34, 0, -5, 0, -2, -10, 11, -19]
[-45, -35, -19, -10, -6, -7, -25, 3]
[14, -4, -5, -7, -8, -17, -17, -11]
[-3, -7, -5, -3, -11, -24, -23, -2]
[16, 11, 1, 4, 10, 44, 72, 34]
[-23, -22, -8, -4, -5, -6, -2, -8]
[15, 23, 0, 0, -6, -26, -56, -5]
[10, -3, 3, 1, 2, 26, 29, 14]
[27, 26, -9, -9, -16, -27, -40, -17]
[-6, -9, -4, 1, 2, 7, 12, -27]
[1, -5, 3, 2, 4, 2, -2, 12]
[-6, -6, -6, -4, -4, -18, 1, 1]
[-10, -6, -6, -4, -4, -11, -20, 3]
[-6, 6, -2, 6, 0, 14, 23, 15]
[8, -5, 3, 0, -2, -1, -19, -12]
[-2, -6, 8, 2, 1, -2, 4, 7]
[-1, 5, 3, -2, 0, 8, 18, 7]
[-17, -7, -4, -4, -2, -11, -30, -5]
[7, -1, 3, 3, 6, 1, 24, 1]
[2, 3, 3, -3, 0, 12, 10, 15]
[4, -11, -7, 1, -2, -12, -24, -1]
[-4, -13, -1, 0, -1, -8, -10, -19]
[-7, 11, 6, -1, 2, 13, 18, 3]
[21, -3, -5, -3, -2, 7, 39, -14]
[-6, 10, 1, -2, -2, -13, -37, -15]
[16, 0, 7, 3, 8, 9, 16, 38]
[-16, -4, 1, 0, -3, 0, -1, -13]
[-12, 9, -7, 0, -6, -14, -24, -7]
[7, -20, 3, 2, 7, 16, 58, -6]
[3, -8, -9, -8, -9, -2, -35, -29]
[3, -4, -8, -2, -4, -3, 17, 6]
[-2, -1, 1, 2, 1, 4, 19, 1]
[12, 12, 1, -2, -6, -1, 11, -6]
[-4, -18, -11, -8, -12, -6, -19, -40]
[8, -3, -4, -1, -4, -5, 0, -2]
[20, -3, -5, -7, -5, -8, -19, -18]
[-8, -12, -17, -7, -8, -18, -57, -8]
[-13, -3, -25, -1, 7, 11, 76, -8]
[2, -14, 38, 1, -2, 6, -4, 17]
[11, 33, 12, 6, 0, 0, -10, 11]
[-12, 0, 5, 4, -1, 1, -7, 15]
[-3, 4, 3, 1, 1, -7, -18, 10]
[1, 5, -16, -1, 1, 1, 9, -14]
[-8, -12, 2, -1, 3, 3, -5, 18]
[-5, 1, 2, -4, -3, -9, -14, 0]
[-10, 8, 1, 0, -1, -3, -6, -2]
[-2, 1, -3, 0, -1, -1, 12, 8]
[-4, -10, -3, -2, -5, -5, -22, -1]
[6, 10, 2, 1, 2, 0, 20, 11]
[-8, -4, 0, -2, -2, 5, -3, -10]
[12, -3, -4, -1, -4, 0, 4, 3]
[-6, -11, -6, -2, -5, -7, -5, -9]
[8, -10, -8, -3, -7, -13, -21, -2]
[-2, -2, 11, 2, -1, 3, 0, 13]
[-7, -6, -9, 0, 2, -5, -5, -3]
[-13, -5, -6, -2, -4, -1, -7, 13]
[9, 11, -6, -2, 1, -4, -6, -3]
[-11, -51, 9, 1, 1, -1, 15, -4]
[17, 30, 7, 1, -2, 13, -1, 14]
[-31, -42, -12, -4, -2, 0, 5, 12]
[18, 37, 9, 4, 4, 3, -2, 18]
[8, 10, 5, -1, -7, -9, -21, 3]
[-9, -8, -8, -1, 0, -3, 4, -9]
[-1, -3, 5, -1, 2, 5, 4, -3]
[-14, -18, -11, -6, -6, -5, -9, -14]
[-12, 13, -1, 2, 3, 0, -5, 7]
[1, -11, 1, 2, 5, 0, 2, 8]
[2, 27, -2, 1, 1, 1, 4, 8]
[-11, -53, 5, 2, 1, -5, -22, 0]
[7, 43, 7, -1, -1, 8, 12, 5]
[-6, -7, -6, -1, -1, 11, 42, -8]
[39, -12, -6, 0, -1, -7, -13, 2]
[3, 14, 5, 0, -1, 5, 4, 14]
[11, -15, -7, -2, -6, -8, -31, -8]
[-9, 4, 0, 0, 0, -8, -14, -9]
[-4, 2, -6, -3, -1, -1, 7, -17]
[6, -1, 5, 1, -4, 0, 8, 20]
[-5, 1, 1, 1, 3, 0, 5, 2]
[16, -3, -13, -5, -7, -4, -10, -43]
[-2, -9, 3, 0, -3, 0, 5, 0]
[-10, 8, 1, -2, -5, 0, -2, -6]
[-4, -5, 1, 0, -2, -3, -6, 0]
[-1, -29, -11, -1, 2, -4, -13, 9]
[12, 36, 6, 2, 4, 7, 11, 12]
[17, 0, -9, -3, -2, 2, 24, -22]
[9, 12, 2, 1, 3, -2, 9, 6]
[-8, -30, 6, 1, 0, 2, 6, 3]
[-4, 30, 7, 2, 1, -2, -17, -13]
[-9, 3, 5, -3, -5, -7, -5, 3]
[-4, -22, -7, -1, 0, 1, -1, -6]
[4, 9, -3, -2, -2, -6, -14, 7]
[-17, -21, -10, -2, -2, -1, 1, -11]
[-24, 8, 4, 2, 0, -8, -2, 13]
[27, 14, 6, 3, 8, 16, 25, 21]
[-8, 2, -4, -2, -7, -7, -24, 4]
[-2, -13, -2, -3, -5, 0, -5, 8]
[-6, -2, -3, -2, -1, -8, -22, -7]
[-13, -9, -5, -1, -4, -7, -13, -12]
[-8, 10, -1, 0, -1, -2, 3, 5]
[8, -17, -5, -2, -3, 4, 4, 4]
[11, -4, -6, -4, -8, -7, -3, -43]
[-1, 14, 0, 2, 5, 12, 52, 7]
[2, 7, 3, -4, -3, -6, -12, 2]
[-4, -8, 1, -3, -4, -6, -4, -18]
[0, -17, -5, 0, 1, 2, -2, -2]
[-1, -7, 5, 1, -3, -6, -14, -9]
[-4, 6, -11, -3, -4, 1, 2, 0]
[-22, -14, -9, -2, 0, -2, 7, -2]
[23, -8, -1, 1, 1, 0, -10, -2]
[6, 20, 22, 3, -2, 4, 2, 16]
[7, 32, 8, 0, -2, -2, -7, 8]
[-3, -1, -7, 0, 0, 1, 9, -1]
[-13, -8, -12, -2, -1, 4, 4, 1]
[-9, -15, -10, -6, -6, -12, -23, -13]
[2, -5, 2, 3, 3, 3, 9, 3]
[5, 7, 2, 1, 1, -2, -3, -6]
[-4, -1, 3, 0, 3, 0, 0, -3]
[0, -7, -8, -3, -1, -1, -5, 7]
[-8, -3, -3, -4, -4, -6, -3, -16]
[7, -16, -2, 0, -3, -10, -25, -23]
[4, -6, 1, 0, -1, 15, 18, 16]
[3, -1, -2, 1, 0, 4, 30, 7]
[-2, 3, 0, 1, -1, 1, -9, 0]
[-2, -4, 5, -1, 0, -3, -4, 6]
[-4, 3, -1, -1, -2, -8, -18, -5]
[-7, 0, -4, -2, -2, -2, -10, -13]
[6, -10, -2, -1, -1, -2, 9, -1]
[6, 3, 0, -1, 0, 3, -2, 7]
[-11, 9, 1, 3, -3, -1, 3, 3]
[15, -6, -7, -4, -3, -7, -21, 4]
[0, -7, -12, 1, 4, 11, 36, -3]
[-1, 17, 17, 4, 7, 2, 1, -1]
[3, 29, 13, -2, -6, 0, 5, 3]
[-17, 2, 1, 1, -2, -2, -12, -13]
[1, -2, 6, -1, -4, 0, -17, 6]
[2, 0, -13, -5, -4, -1, 1, -1]
[3, -8, 1, 0, 3, 2, 12, 1]
[1, 19, -7, -2, 1, -1, -21, -3]
[-3, -3, -4, 2, 2, -4, -9, 2]
[-4, -1, 2, 1, -1, 4, 23, 3]
[2, -7, -2, -1, -4, -7, -19, -3]
[7, -5, -7, -2, -1, -1, 0, -5]
[0, -13, 7, 1, 1, 0, -9, 7]
[0, 2, 0, -4, -7, -3, 3, -8]
[5, -7, -3, -2, 2, 3, 3, 4]
[-10, -18, -8, -1, -5, -4, -2, 16]
[2, -15, -12, -3, -2, 0, 10, -12]
[6, 33, 22, 2, 2, -3, -14, 4]
[4, 3, -2, 4, 3, 4, -2, 7]
[-9, -6, -3, -2, -2, -3, 0, -4]
[-2, 2, 1, -1, -4, -3, -3, -7]
[-1, -22, -7, 1, 1, 0, -3, 12]
[8, -2, -16, 0, 0, -1, 2, -5]
[0, 11, 27, 2, -3, -9, -12, -5]
[4, 7, 4, -2, -1, 4, 11, 3]
[0, -5, -8, -1, -1, 4, 10, -2]
[-4, -7, -3, -2, -4, -4, -14, -2]
[13, -1, -9, -1, 0, 2, 10, -2]
[-4, 4, 5, 1, -3, -7, -5, 4]
[4, -7, -3, 0, 1, 1, -1, 5]
[-7, 0, -1, -1, -2, -3, -24, -7]
[-14, -7, -3, -2, 0, 2, 23, 7]
[9, 14, 7, 0, -2, -1, 1, 7]
[1, 0, -4, -3, -2, -3, -11, -13]
[5, -8, -3, -1, -2, -2, -4, -4]
[-10, 6, -1, -1, -1, -2, -7, -6]
[-8, -10, -3, -2, -1, -1, -3, 1]
[0, -10, -7, 0, -5, -2, -2, 10]
[-11, 3, -1, 3, 4, 4, 11, -15]
[8, -20, -6, -2, -9, -1, 0, -10]
[8, 9, -4, -1, 0, -1, 11, 7]
[1, -1, 0, -2, -1, -4, -12, -6]
[-6, -7, -4, -1, 1, 6, 15, -4]
[-7, 3, -2, -3, -2, -3, -6, 1]
[9, -19, -4, 0, -1, -3, -7, -6]
[-11, 35, -2, 1, -1, -2, -4, 1]
[0, -6, 12, -1, -2, -1, 2, 5]
[-4, 7, 0, -1, -2, -1, -8, -6]
[10, -8, 2, -1, -2, 0, 4, -5]
[8, -13, -6, 0, -1, 0, 8, 5]
[3, -6, -2, -4, -3, -6, 2, 0]
[-6, 1, -5, -1, -4, -2, -13, -3]
[-7, -24, -3, -1, -2, -4, -29, -17]
[1, -6, -1, 0, -3, 4, 35, 3]
[-7, 12, 0, -1, -3, -3, -4, -1]
[0, -24, -3, 1, 0, -3, 3, 0]
[2, 27, 2, -2, 1, -1, -7, 3]
[-1, -15, -2, 1, 1, 2, -6, -1]
[4, -10, 2, 0, 0, 2, 11, 8]
[-7, 9, 1, -1, -2, -1, 2, -3]
[8, 0, -7, -2, -2, -3, -4, -1]
[2, -4, 0, -4, -4, -7, -5, -1]
[-6, 4, -1, 1, 2, -1, 21, 9]
[-6, -8, -4, 0, 2, 6, -16, 12]
[-4, 10, 3, 1, 2, -2, 14, 7]
[-2, -15, 1, -1, -3, 1, -17, 10]
[-3, 19, 4, 2, 1, -1, -7, -9]
[18, 8, 1, -1, 2, 3, 21, 5]
[-19, 0, -3, 1, -1, 0, 13, -2]
[-13, -2, 0, -1, 1, -1, -13, 0]
[10, -8, -3, -4, -3, -2, -1, 2]
[9, 18, 3, 1, 3, 5, 6, -23]
[-3, -4, 4, -2, -1, -2, 0, -3]
[3, 24, 1, 3, -1, 2, 0, -8]
[-6, -8, -4, -2, -2, -4, -35, -9]
[-7, 3, -4, -2, -2, 5, 35, -2]
[18, -7, -2, 1, -3, -2, -17, 9]
[-5, -8, 2, 0, 2, 6, 34, 6]
[5, -8, -5, 0, -4, -2, -9, 1]
[-5, 3, 0, -1, -5, -7, -26, -5]
[7, 4, 3, 3, 1, -2, -4, -6]
[-2, -7, -3, -2, -2, -4, -6, -2]
[-5, -1, 1, 1, 1, 0, -1, 0]
[8, -13, -4, -4, -2, 0, -2, 3]
[-14, 2, 0, -1, 0, 2, 3, -6]
[-2, -3, 1, 1, 0, 1, -1, -3]
[18, -8, -5, -2, -4, -3, 9, 5]
[-6, -1, -2, -1, -2, -6, -12, 3]
[-6, -5, -4, -2, 1, 1, -3, -3]
[-10, 4, -3, -2, -4, -4, -5, -4]
[-3, -8, 6, -1, -1, 1, -3, 3]
[-1, -10, -1, 0, -3, -2, -7, 8]
[10, 22, 0, -1, -2, 1, 2, 4]
[-9, -9, -9, -5, -7, -7, -16, -8]
[-22, 8, 0, 1, -1, -4, 0, -2]
[25, -8, -2, 0, 3, 1, -8, -10]
[-15, 1, 4, 1, 1, 3, 41, 1]
[17, -4, -6, -3, -1, 1, -12, -3]
[-7, -2, -5, -2, -5, -1, 11, 0]
[-8, -3, 1, 2, 0, -7, -21, -5]
[-4, 6, 2, 5, 5, 6, 23, 11]
[4, 1, 2, 0, 3, 2, 4, -17]
[8, 9, 1, -1, 0, 3, 28, 3]
[-7, -6, -3, -2, -3, -4, -11, 1]
[1, -2, -2, -4, -4, 0, -26, -5]
[-1, 14, -1, -1, 1, 2, 16, 13]
[15, -7, 1, 1, 1, -1, -11, -3]
[-5, 8, -3, -1, -2, -2, 4, -5]
[2, -6, 0, -1, -2, -2, -7, 0]
[-8, -9, -6, 0, -2, -4, -14, -10]
[6, -15, -4, -2, 1, 6, 11, -1]
[1, 3, -1, 1, -1, 1, 6, 8]
[-13, -24, 1, -2, -4, 0, -3, -7]
[5, 17, 4, 0, 0, -3, -9, -3]
[-6, 4, -3, 0, 0, -2, -5, 2]
[-4, -1, 2, 3, 0, -2, 3, 0]
[0, 4, -5, -2, -1, 3, -5, -3]
[-4, -12, 4, 2, 1, 1, 5, 1]
[2, 0, -2, -1, -4, -4, -15, -5]
[-11, 1, 1, 1, 4, 7, 41, 4]
[0, 6, -4, -2, -4, -9, -27, -2]
[11, -9, -2, -2, -3, 5, 13, 8]
[-2, 6, 1, -2, -1, 0, -9, -3]
[6, 2, 0, -3, -4, -3, -1, -3]
[1, -4, 1, -1, 2, 0, 1, 1]
[-8, -3, -1, -3, -4, -2, 5, -8]
[9, 8, 7, 3, 0, -5, -22, 1]
[2, 12, 2, -1, 0, 3, 11, 3]
[1, -4, -6, -4, -6, -7, -14, -2]
[-24, -12, 10, -2, 2, 1, 5, -2]
[-9, -24, -12, -1, -4, 0, 13, -6]
[7, -6, -1, -2, 3, -3, -24, -2]
[-2, 2, 2, 0, 0, 3, 15, 3]
[13, 1, -8, -4, -3, -2, 4, 9]
[-10, 2, -1, -2, -2, -4, -5, -1]
[6, 12, 5, 3, 1, 0, -2, -1]
[-13, -12, -7, -3, -6, -3, -8, -2]
[15, 2, 4, 1, 2, -3, -10, 4]
[-2, 6, 0, -1, 0, 1, -3, 2]
[3, -18, -6, -2, -4, -1, -14, -1]
[-13, 9, -4, -2, -3, 5, 20, -3]
[36, 0, 3, 3, 1, -2, 7, 11]
[-12, -12, -4, -5, -4, -3, -5, -1]
[5, -1, -3, -1, -1, -4, -5, -3]
[-2, -28, -4, -3, -7, -5, -13, -16]
[-2, -9, 1, -2, -6, -4, -9, -14]
[-7, 3, -10, -1, 2, 0, 8, 18]
[9, -28, 1, -2, 1, -1, -14, -1]
[3, 12, -1, 3, 2, 4, 30, 4]
[-14, -3, -1, -1, -2, -5, -33, -8]
[13, 8, 3, 1, 2, 3, 28, 6]
[-16, -1, -7, -4, -4, -4, 1, -4]
[12, 5, 2, 2, 1, -3, -9, 1]
[7, 2, -7, -1, 0, 1, 3, 25]
[5, -1, 4, -3, -4, -9, -23, -14]
[-15, 5, 3, 3, 4, 10, 57, 1]
[12, -19, -7, -5, -2, -3, -22, -4]
[-24, 31, -8, 2, 0, -2, -5, -7]
[4, -14, -6, 1, -2, 0, -5, 2]
[20, -2, 8, 0, 0, -1, 0, 4]
[18, 5, -2, -3, -6, -4, -3, 2]
[-10, -5, 3, -1, -4, 0, 1, -9]
[-10, 12, 11, 1, 2, 3, 3, 17]
[-29, -33, -30, -4, 0, -4, -14, -12]
[13, 19, 10, 6, 6, 0, 12, 17]
[9, -10, 1, -3, -2, 3, -14, 4]
[-14, 4, 9, -1, -1, 3, 5, -3]
[-10, 7, 8, 0, -1, -19, 28, 14]
[-7, -4, 1, -5, -16, 11, -18, -32]
[-59, -24, -8, -1, 11, 20, 2, -27]
[1, -4, -3, 0, 7, 6, 4, 7]
[89, 50, 31, 10, 6, 3, 17, 50]
[-10, 11, 2, 1, -1, -14, -18, 16]
[25, 12, -2, 0, -7, -15, -19, -1]
[-42, -14, -31, 0, 9, 37, 63, -1]
[-3, -5, 14, -3, -6, -8, -32, -10]
[-7, -30, -5, 0, 0, -5, -4, -13]
[-4, 47, 13, -1, -6, -11, -13, 22]
[46, 24, 7, 0, -6, -17, -16, 6]
[-8, -18, -34, -7, -12, 1, -5, -10]
[-69, -18, -3, -3, -2, 6, 26, -31]
[-19, -26, -12, -5, 3, -25, 4, 22]
[-16, 9, -5, 6, -8, -6, 3, 32]
[-43, 1, 5, -4, -2, -6, -7, -55]
[95, 31, 20, 2, 31, 94, -26, -29]
[-35, -8, 1, 16, 13, 7, 67, 70]
[-78, 1, 14, -11, -5, -90, -20, -6]
[76, -23, -11, -4, -26, 72, -3, -5]
[-41, 39, 27, 24, 24, 6, 7, 30]
[-1, -27, -30, -18, -16, -32, -60, -73]
[-25, 1, 12, 1, 17, 13, 69, 10]
[-57, -12, 10, -3, -32, -85, -50, -57]
[-86, -10, 4, -17, 1, -16, 48, -17]
[-124, 65, -13, 18, 8, -128, 59, 57]
[-75, -71, -22, -20, -28, -40, -112, -99]
[16, -2, 24, 10, 10, -9, -13, -5]
[19, -12, -14, 4, -14, -8, 65, 59]
[-44, -28, -12, -13, -16, -26, 65, -45]
[2, 6, -8, -3, -1, 12, 12, -42]
[48, 70, 49, 37, 36, 56, 24, 86]
[26, 31, -18, -4, -8, -39, -77, 4]
[-60, -25, -39, -4, 11, -28, -22, -37]
[49, 57, 75, 21, 14, 26, 17, 20]
[-46, -22, -8, -20, -13, -23, -35, 29]
[23, -10, -16, -41, -22, -17, -4, -1]
[16, -4, -25, 17, -1, 20, 21, 26]
[9, -44, -27, 9, -13, -5, -27, 4]
[-19, -3, -17, -12, -1, -12, -4, -14]
[-11, -12, -3, 2, -9, -14, -24, 7]
[-1, -28, -6, -17, 0, -37, -56, 21]
[27, 9, 4, 6, 11, 14, 36, -4]
[-15, 78, -4, -4, 9, 21, 35, 49]
[13, -80, -22, 4, 8, 3, 12, -16]
[8, 23, 48, 1, -10, 8, 23, 11]
[27, 2, 25, 10, 0, 5, -14, 54]
[-32, -29, -32, -25, -13, -24, -54, -58]
[5, 20, -39, -3, -10, -52, -78, -67]
[-9, 14, 52, 19, 18, 18, 85, -36]
[20, 16, 20, 10, 11, 25, 29, 83]
[-13, 35, 1, 1, 7, 1, 38, 24]
[-4, 2, 14, 13, 10, 9, -8, 33]
[4, 9, 13, -6, -12, -52, -82, -38]
[-13, -3, -24, -5, 6, 20, 26, -25]
[-32, -23, 8, 7, 12, 11, 41, -10]
[-21, 15, 14, 8, 4, -11, 28, -13]
[33, 36, 10, 0, -2, 19, -42, 24]
[-8, -3, -4, -4, 0, -18, -66, -40]
[4, -21, -5, 6, 3, -6, 50, 14]
[-13, -28, -15, -10, -14, 26, -31, -11]
[-5, -34, -12, -7, -7, -5, 2, 5]
[26, -25, -31, -20, -36, -38, -55, -14]
[-7, -28, -29, -9, -18, -21, -6, -37]
[-8, -28, -9, -3, -31, -68, -61, -15]
[35, 1, 10, 15, 34, 103, 87, 96]
[14, -2, -30, -21, -29, -31, -106, -23]
[3, -5, -14, -4, -1, -46, -89, -57]
[7, -10, 12, 4, 6, 16, 53, -13]
[-18, -1, 2, -1, -9, -46, -44, -15]
[-13, 9, 7, 1, 14, 15, 49, -9]
[9, -23, -5, 6, 4, 20, -11, 28]
[-12, 23, 11, 1, 6, -13, 11, -19]
[-39, -9, 8, -5, -3, 17, -15, -31]
[12, 2, -5, 12, 15, 43, 60, 11]
[28, 32, 19, 6, 7, -17, -11, 3]
[28, 36, 21, 14, 19, 39, 22, 43]
[-1, 17, 1, -2, 1, -22, 12, -33]
[-14, -1, 6, 0, -3, -9, -5, 8]
[-26, -1, 5, 8, 13, 26, 6, 12]
[-5, 1, 2, -1, -1, 0, 30, 13]
[-9, -25, -12, -11, -13, -20, -15, -2]
[7, -1, -9, -5, -8, 3, 10, -7]
[20, -34, -29, -15, -28, -19, -52, -34]
[-1, -23, -35, -13, -9, 28, 84, 16]
[27, -4, -27, -14, -27, -29, -59, -36]
[5, -11, 31, 1, -4, -11, -28, -4]
[-6, 13, -14, 1, 9, 21, 112, 35]
[-4, -18, 16, -1, 5, 9, -30, 8]
[-20, -1, 12, 4, 7, -5, -8, -6]
[10, 21, 3, 6, 13, 8, 34, 3]
[-6, -3, 5, -2, 4, 2, -36, -3]
[-9, 12, -3, 3, 2, -3, -12, -3]
[-9, 6, 3, 2, 2, -4, 12, 8]
[-12, -8, -2, -2, 1, 1, -3, 9]
[2, -4, 6, -2, 0, 6, 1, -10]
[13, 14, -7, -1, -1, -5, 0, 15]
[-2, 1, 2, 0, -4, -8, -26, 1]
[13, 14, -5, -1, -2, 7, -7, 7]
[0, -12, -9, -4, -8, 0, 10, 8]
[-8, 4, 6, 3, 1, 0, -9, -2]
[-7, -12, -3, -1, -7, -13, -14, -5]
[-16, 0, -3, 3, 5, 0, 21, 8]
[12, 5, 9, 6, 8, 14, 27, 21]
[3, -4, 2, -4, -6, -3, -36, -23]
[-3, -6, -15, -4, 0, -6, 26, 0]
[8, -4, 3, -1, -4, 1, -4, -6]
[-1, -22, 0, -1, -3, -1, -13, -8]
[-1, 31, 4, -1, -4, -10, -15, 11]
[5, 1, -4, 0, -1, 5, -15, -8]
[2, -13, -18, -3, -5, -3, 8, -14]
[-9, 0, 2, -1, -1, -1, -3, 1]
[5, -3, 0, -3, -4, -4, -12, -7]
[-5, -13, -8, -2, -4, -7, -2, -5]
[-4, 2, -11, 1, -4, -4, -13, 1]
[-3, 13, 22, -1, -2, 1, -4, -41]
[0, 3, 3, 2, -1, 8, 12, 2]
[30, -7, 3, -2, 0, 3, -18, 18]
[6, 10, -1, -1, 2, 7, 27, 9]
[2, -1, -12, -4, -3, -11, -34, 3]
[-12, -11, -6, -4, -6, -6, 3, -17]
[-9, -2, 10, 0, 0, 4, 8, -4]
[-5, -11, -14, -7, -9, -11, -27, -27]
[-10, -6, -1, 4, -1, 2, 2, 21]
[16, -10, 3, 3, 1, 0, 11, 15]
[-3, -26, -3, -1, -2, 5, 16, -3]
[2, 17, 10, 0, -1, -9, -7, -7]
[-5, -9, -9, -5, -2, 1, -5, -1]
[6, -8, -7, -2, -1, 3, -12, -7]
[-16, 10, -3, 3, 4, -2, 7, -4]
[19, -5, -3, 1, 4, 7, 37, 11]
[6, 16, 12, 1, -1, 2, -7, 3]
[-6, 2, 0, 0, -2, -6, -4, 8]
[-5, -12, -5, -3, 0, -3, -3, -14]
[-13, -1, 4, -4, -6, 0, -7, -12]
[5, -3, -7, -3, -4, -11, -31, -3]
[-7, -2, -6, 0, -1, -1, 23, 3]
[-1, 21, 9, 4, 4, 10, 62, 13]
[-1, -12, -5, 0, 1, 3, -24, -25]
[21, -4, -7, 0, -1, 4, 21, 0]
[7, -10, 1, 1, -1, -6, -15, 6]
[-4, 34, 4, -1, -1, -7, -11, -5]
[-9, -3, -3, -2, -2, -5, -12, 5]
[-13, 5, 1, 1, 0, 3, 4, -4]
[-5, -14, -6, -4, 0, -3, 0, -9]
[4, -4, -2, -3, -4, -3, -18, 6]
[-3, -4, -10, -2, 2, 3, 1, 8]
[-6, -1, -1, 1, 0, 0, -4, 0]
[-9, -12, 1, 0, -4, -3, -4, -2]
[0, -3, 2, 1, 2, 7, 11, 20]
[-6, -3, 4, 0, -5, -3, 6, -12]
[-6, 8, 0, 1, 6, 3, 24, 20]
[22, -3, -3, 3, 1, 8, 6, 7]
[6, -7, -1, -4, -4, -8, -42, -18]
[3, -4, -4, -1, -1, -2, 5, 5]
[-11, 6, -4, -2, -5, -10, -18, -13]
[-6, 5, 1, -2, 1, -4, -6, -3]
[2, 14, 4, 0, 2, -3, -1, -5]
[2, -3, -6, 0, 0, 2, -9, 10]
[-4, -12, -4, 0, -2, 1, 24, -2]
[-4, 18, 6, 2, 2, 2, -1, 7]
[-8, -11, -7, -3, -4, -5, -8, -8]
[-11, 7, 5, -1, 1, 0, 8, 1]
[31, 26, 5, 3, 2, 3, 23, 7]
[4, 0, -1, 0, -1, 5, 15, -1]
[0, -12, -5, -2, -1, -4, -13, -2]
[-14, -4, -21, -3, -2, -1, -9, -3]
[-12, -31, 12, 0, -2, 1, 6, 0]
[19, 16, 3, -5, -7, -4, -3, -23]
[-4, 3, 3, 3, 2, 4, -6, -5]
[14, 7, 4, 0, 1, -3, -7, 8]
[-5, -12, -14, -5, -4, 2, -3, -1]
[-17, -5, 6, 0, 0, -1, -6, -3]
[9, -3, -16, -3, -4, 2, 2, 9]
[4, 9, 8, 1, 0, -4, -6, -4]
[-2, -5, -5, -2, 1, -1, -24, -3]
[-16, 0, 5, 3, -1, 1, 6, 10]
[-11, -18, 0, -5, -7, -4, -8, -23]
[19, 22, 2, -1, 0, 7, 12, 13]
[-5, -2, -8, -1, -4, -9, -18, 14]
[-1, -2, 0, 1, 3, 6, 21, 15]
[8, -3, -5, -3, -3, -6, -32, -3]
[0, -15, 0, 3, 0, 3, 38, 1]
[-13, 4, 6, 1, 1, 0, -15, -13]
[10, 17, 6, -1, 1, 12, 27, 17]
[2, -14, -8, -3, -3, -4, 3, 3]
[-3, 8, -2, 0, 2, 1, -12, 2]
[3, 1, -1, -2, -3, -3, -19, 0]
[-6, -11, -2, 2, 1, -6, -17, -8]
[1, 23, 4, 1, -1, 2, 15, 2]
[3, -24, -4, -3, -3, 0, -13, 3]
[-10, 9, -7, -1, -3, -1, 6, -12]
[7, 17, 1, 3, 1, -3, -27, 21]
[12, -2, 11, 2, 0, 0, -4, 4]
[-8, -19, -18, -1, 0, 4, 24, -9]
[-3, -17, 5, -1, 1, 0, -14, -3]
[-3, -17, -10, -3, -1, -3, 5, -3]
[4, 8, -1, -3, -4, -4, -8, 1]
[-6, 3, 6, -3, -5, -7, -16, 1]
[5, -9, -3, -2, -2, 1, 4, -3]
[-7, -5, -6, -3, -5, -15, -37, -17]
[6, -13, 4, 6, 9, 25, 79, 16]
[-8, 8, 2, -3, -3, 0, -11, -7]
[13, -5, -4, -2, -3, 0, 4, -20]
[-6, 8, -7, -3, -6, -5, -21, -7]
[-5, 8, -3, 4, 2, -3, -11, -6]
[3, -1, 5, 2, -2, -1, 5, 3]
[-10, -1, 0, 0, 1, -1, 5, 5]
[-3, -10, -3, -3, -3, -5, -9, -8]
[-12, 0, -1, -2, -5, -8, -9, -3]
[17, 6, 0, 2, 1, 9, 16, 14]
[-1, -34, -16, -4, -6, -8, -25, -5]
[3, 4, 11, 1, -1, 4, 20, -2]
[-20, -8, -4, -4, -4, -4, -5, 13]
[-3, -2, -8, 0, -2, -7, -24, -8]
[5, 1, -1, 2, -4, 1, 8, -10]
[-9, -10, -6, -3, -2, -3, -12, -9]
[8, -3, -2, -1, -4, -4, -1, -7]
[-3, -8, 0, -4, -4, 0, 8, 2]
[4, 23, 0, 1, 3, 3, 0, 5]
[10, -27, -1, 1, -1, -1, 6, 6]
[-7, 1, 2, -1, -3, -6, -23, -5]
[4, 1, 2, 3, 3, -4, 12, 17]
[-7, 16, 3, 0, 0, 9, 14, 9]
[-4, 3, 6, -1, -1, -2, -14, -10]
[1, 3, -8, 0, 1, 4, 24, 2]
[-1, -3, 8, 2, 1, -1, -11, -4]
[20, 2, 4, -1, -3, -5, -1, 20]
[-9, -4, -3, 2, -2, 0, 0, -4]
[-4, -5, 1, -4, -1, -3, -13, -6]
[-13, 5, 5, 1, -5, -2, -3, -2]
[-9, -7, -6, -5, -4, -7, -12, -9]
[10, 10, 4, 1, 4, 12, 27, 4]
[-14, -11, -3, -2, -6, -4, -7, -6]
[12, -1, -4, -1, -1, -5, -24, -7]
[-13, 0, 4, 2, 2, 3, 17, 0]
[1, 2, -10, -3, -5, -7, -34, 0]
[6, 3, -1, 1, -1, -5, 19, -7]
[5, -7, 1, 0, 2, 13, 38, 7]
[5, 10, -5, 0, -2, -6, -13, 0]
[-10, -14, -10, -3, -1, -5, -11, 2]
[7, 0, 8, 2, 0, -2, -19, -2]
[2, 6, -1, -2, -1, -10, -15, 4]
[-6, -28, -7, -3, -2, 0, 7, -6]
[13, 23, 3, 5, 5, 2, 7, 3]
[-6, -3, -1, -4, -6, -5, -13, 3]
[-18, -3, -4, 0, -1, 0, 11, 5]
[19, 5, 1, 5, -1, 1, -2, 4]
[-15, -19, -13, -6, -5, -7, -10, -2]
[17, 4, 6, 1, 3, 5, 21, 4]
[-6, 18, -3, 0, -3, -4, -7, -13]
[0, -2, 9, 0, 2, 3, -4, 5]
[0, -3, 0, -2, -1, 5, 11, -2]
[-1, 1, -6, 1, 1, 0, 1, -3]
[-4, -7, -5, -3, -6, -5, -20, -11]
[-15, 13, 4, 1, 2, -4, 24, 12]
[19, -8, 3, 0, -3, -1, -3, -18]
[-5, -2, -7, -1, -2, 1, -7, -1]
[8, -11, -2, -1, -3, -1, 28, -4]
[0, -3, 2, -4, -8, -17, -63, -2]
[19, 17, 4, 6, 14, 36, 42, 24]
[-6, -3, -3, -4, -5, -3, 21, 21]
[2, -14, -5, -2, 0, -15, -54, -45]
[5, 15, 9, 8, 4, 1, 68, 8]
[11, 1, -6, 5, 13, 37, 20, 9]
[-1, 3, 10, -8, 3, -4, -43, 4]
[-13, 7, -8, 9, -3, -4, 4, 31]
[-10, 21, 25, 10, 13, 7, 15, 15]
[-21, -6, -10, -7, -9, -24, -11, 10]
[-18, -5, 18, -4, -5, 2, 24, 28]
[-1, -4, -13, -9, -5, -8, -49, -6]
[-6, 9, 10, 7, -4, 5, -19, -2]
[-6, -9, -5, -7, -5, -11, -4, -6]
[-3, 2, -2, 7, 6, 22, 91, 37]
[-28, -4, -10, -10, -8, -28, -26, 14]
[41, -19, -9, 2, 4, -18, 60, -23]
[-16, 5, -1, -6, 4, 12, -1, -8]
[35, -28, -17, -5, -15, -18, -15, -119]
[30, 1, 13, 6, 16, 72, 75, 71]
[-36, -18, -18, -18, -32, -41, -21, 18]
[32, -40, -36, -9, 1, 9, -100, -28]
[16, -14, -31, 3, -31, 17, 55, -22]
[-24, -50, -48, -16, -7, -38, -83, -43]
[29, 55, 54, -10, -2, 0, 53, 7]
[14, 30, 21, 4, -3, 6, 10, 0]
[-32, -7, -33, 3, 2, -30, -54, 0]
[-8, -29, -63, -19, 1, -1, -31, -7]
[-24, -20, 49, -7, -2, 0, -1, 6]
[-5, 70, 31, 15, -5, -41, 32, 65]
[78, 84, 42, 11, 18, 49, -32, 11]
[-45, -6, -26, 7, 4, -24, 13, -13]
[-7, -33, -48, 2, 29, 76, 16, 0]
[-10, -28, -8, -8, -16, -50, -80, 34]
[-14, -24, 13, -3, -16, -21, -29, -28]
[42, 47, 23, 5, -11, -19, 10, 10]
[-1, -22, -33, -7, 2, 70, -22, 38]
[25, -18, -4, 5, 2, 5, -76, -35]
[-15, -29, -24, -13, 6, -9, 59, 8]
[-4, 24, 36, 19, -13, -56, -51, -55]
[4, -7, -8, 2, -21, -34, -6, -43]
[1, 3, 15, -6, 11, 37, 91, 41]
[-2, -3, -3, -2, 4, -16, -114, 8]
[25, 11, 36, 14, 25, 50, 102, 3]
[17, 6, -27, -1, -14, -26, -123, -14]
[-15, 6, 0, -6, -5, 21, 105, -9]
[-20, -28, -31, -5, -2, -62, -71, -16]
[-7, 28, 47, 9, 11, 56, 98, 30]
[-25, -3, 0, -13, -20, -43, -82, 5]
[-2, -4, -12, -10, -9, -11, 7, -60]
[2, -10, -35, -13, -15, -8, -35, 9]
[5, -14, -13, -4, -6, 25, 24, 31]
[-8, 8, -8, 1, 10, 5, 37, 6]
[-7, 4, 3, 4, -4, 0, 15, -28]
[2, -12, 14, 9, 4, 5, 4, 56]
[8, 25, -4, -5, -1, 0, -36, -34]
[9, 10, 3, 3, 9, -6, -12, -16]
[-5, -3, 6, 6, 0, 1, 52, 6]
[-54, 3, -11, -3, -2, -51, -32, -23]
[66, 14, 45, 12, 13, 57, 32, 28]
[13, -2, -4, 3, 4, 46, -32, -11]
[-27, 10, 23, -7, -3, -15, -8, 7]
[-16, -24, -30, 11, 9, 24, 33, -10]
[-46, -52, -14, -10, -14, -74, -28, -57]
[18, 45, 10, 14, -1, 14, -2, 16]
[10, -8, -2, -1, -6, -1, -42, -8]
[2, 15, 30, -4, 2, 21, 77, -12]
[-23, -22, -28, -17, 0, -48, -41, 1]
[20, -2, 31, 16, -12, 35, 19, 37]
[12, -29, -43, -9, -2, 3, -8, -11]
[-17, -4, 28, 6, 1, -21, 42, 24]
[13, -6, -19, -13, -13, -31, -67, -33]
[48, 52, 14, 12, 24, 38, 64, 63]
[-24, -17, -10, -1, -9, -78, -83, -49]
[43, 23, 22, 10, 22, -127, 84, 36]
[-19, 0, 5, -10, -22, -40, -36, 8]
[-22, -19, -23, -6, 4, -33, 67, -11]
[-25, -51, 5, 2, -4, -1, -52, -1]
[-7, 16, -32, -3, 0, -13, -48, -18]
[10, 76, 68, 6, -3, 8, -6, 15]
[-7, -69, -39, -39, -10, 3, 41, -23]
[-15, 24, -25, 23, 4, 3, 21, 4]
[-10, -25, -14, 7, -7, -25, -33, -7]
[20, -11, -4, 9, 6, 49, 41, 15]
[-10, 15, -10, -5, -12, -32, -32, -68]
[7, 5, -2, -15, -7, -6, -8, 4]
[-21, -12, 7, -5, 0, 1, 3, 28]
[21, 9, -6, 3, 0, 9, 3, 13]
[9, -23, -4, -5, -1, -28, -36, -14]
[7, 5, 10, -1, -6, -18, 31, 9]
[-39, 21, 23, 9, 1, -26, -35, 68]
[20, -1, -5, 1, 19, 49, 101, 35]
[-22, -3, 7, 10, 10, 7, 32, 33]
[-25, 5, 4, -6, 7, -61, 21, -1]
[-47, -42, -22, -23, -61, -65, -15, -95]
[80, 58, 37, 35, 60, 96, -86, 43]
[-2, 16, 18, 14, 12, -7, 63, 10]
[-20, -6, -8, -9, -25, -64, -63, 8]
[-73, -72, -34, -31, -21, 33, -26, -101]
[-28, -19, -23, -3, -49, -109, -71, -21]
[102, 46, 27, 22, 54, 100, 46, -55]
[-4, -31, -3, -12, -9, -36, -66, -12]
[33, 4, 3, 13, 10, -75, -93, -6]
[-34, -23, -33, -6, -2, -6, 85, 15]
[-2, -23, 16, -4, -26, -45, -57, 14]
[16, 3, 1, -5, -17, 21, 54, 5]
[17, -22, -9, -15, -2, -7, -26, -15]
[-6, 38, 11, 0, -15, -14, -23, -2]
[-59, -16, -13, -6, -12, -42, -37, 43]
[-88, -65, -31, 10, 26, 80, 15, -46]
[97, 61, -15, -1, -5, -94, -13, 7]
[29, 20, 18, 12, 2, 83, 61, 74]
[11, -44, -36, -20, -8, -45, -61, -62]
[-41, 11, 26, 39, 10, -76, 55, 4]
[-54, 6, 2, -1, -3, 89, -21, -43]
[-98, -80, -33, -38, 12, -53, -63, -40]
[-89, -9, 8, -1, -5, -60, 69, 35]
[117, 110, 62, 32, 36, -125, 50, 116]
[-53, 34, 32, -1, -22, -30, 27, 48]
[-96, -66, -34, -6, -18, -59, -26, 126]
[39, -19, -34, -63, 3, 1, -87, 18]
[127, -103, -67, -25, -35, 125, -10, -89]
[-101, 70, 77, 33, 38, -124, 62, -118]
[19, 82, 26, 5, 3, 31, 44, 71]
[-67, -33, -39, -8, -20, -75, -113, -72]
[73, 28, 4, 10, 15, 22, 18, 38]
[-90, -83, -38, -23, -3, -24, -57, -79]
[50, 17, 19, 29, 14, 23, 16, 21]
[7, 18, 4, 14, -13, -17, 7, 10]
[-55, -32, -12, -31, -27, 51, -33, -77]
[73, 46, 11, 6, 25, 0, -12, 37]
[-14, -59, -17, -3, -6, -41, -7, 16]
[-21, -22, -11, 8, -19, -56, -18, -89]
[83, -32, 9, 8, 0, 95, 43, 9]
[-69, 18, -40, -52, -11, -96, -80, 18]
[69, 8, 40, 40, 45, 104, 67, 72]
[115, 74, 27, -4, -1, 41, -70, 50]
[-49, -17, -40, -7, -9, -62, -46, -36]
[-55, -56, 22, -3, 7, -31, 16, -122]
[-60, -76, -52, -17, -10, -76, -8, -42]
[41, 32, 12, 18, -5, 42, 49, 24]
[17, 42, 11, -5, 10, 28, 14, 78]
[-8, -2, -13, 3, -27, -73, 26, -8]
[-118, -114, -61, -44, -19, -36, -59, 99]
[23, 48, 43, 41, 56, 113, 87, 77]
[88, 74, 25, 2, -4, -39, -57, 37]
[-38, -72, -38, -20, -18, -41, -4, -91]
[37, 73, 47, 17, -1, -24, 69, 80]
[14, -34, -18, -14, -8, 26, 9, -30]
[10, 19, 16, 6, 6, -17, -65, -31]
[-57, 36, -3, -8, 9, 16, 20, 45]
[26, -3, -8, -10, -6, 8, -20, -14]
[-26, -70, -6, -2, -23, -35, -78, 59]
[-26, 62, 57, 0, 0, -23, -45, -82]
[76, 27, -3, 5, 2, 11, -25, 103]
[-43, 53, 0, 9, 2, 52, 12, 16]
[29, -4, -24, -3, 5, -20, 79, -10]
[-72, -53, -36, -9, 2, 4, -7, -10]
[-68, -27, -7, 14, 8, -29, 14, -92]
[125, 70, 47, 38, 30, 76, -22, 50]
[-18, 56, 16, -3, -12, 26, 7, -11]
[-35, -32, 33, 3, 0, -34, 9, 5]
[-37, 24, 5, 13, 15, 29, -26, 43]
[-1, -53, -19, -37, -27, -63, -51, -46]
[-48, -32, -17, -3, -1, 3, -16, -38]
[86, 87, 9, 6, 33, 67, 26, 86]
[16, 18, 24, 23, 6, -31, 11, 34]
[-3, -13, 0, -9, -21, -100, -56, -50]
[-99, -65, -30, -17, -2, -6, 58, -5]
[2, 6, -19, 7, -22, -26, -67, -29]
[-127, 19, 14, 9, 3, 69, 2, 61]
[-43, 24, 28, 1, 8, 31, 69, -17]
[-35, 35, -36, -2, 7, -5, -13, -23]
[-58, -4, 91, 12, 12, 44, 58, -17]
[45, 21, -13, 8, -10, -8, -30, 26]
[-11, -5, 7, -19, -18, -41, -56, 27]
[-15, -36, -53, 5, 2, -14, -8, -16]
[-28, -28, -21, 1, 4, 18, 25, 24]
[67, 13, 28, 3, 2, 9, 16, 23]
[-27, 8, -33, -42, -12, -16, -60, -20]
[-47, -67, 3, 16, 17, 42, 92, 25]
[3, 12, 27, 18, -6, -37, 61, 20]
[-8, 9, 6, 14, 20, 42, 20, -3]
[17, 3, -2, 6, -5, 15, -11, 13]
[-14, 4, 12, -23, -22, -51, -73, -25]
[-1, -56, -50, -21, -17, -35, -45, -24]
[-2, 4, 3, 11, 7, 51, 103, -2]
[-21, -23, -20, -15, -12, 1, -7, -27]
[-9, -31, 6, 3, -3, -43, -44, 35]
[-46, -29, -40, -1, 7, 20, 40, -36]
[83, 91, 57, 24, 1, -6, -10, 46]
[-42, -19, -3, 1, 8, 21, -21, 14]
[-31, 31, 17, -23, -3, -27, -77, -85]
[1, -40, -66, -5, 11, 38, 58, 22]
[-73, -62, -12, 24, 0, -34, -18, -42]
[8, 24, 29, 22, 14, 15, 18, 8]
[14, 48, 28, 14, -1, -16, -22, 8]
[9, 18, -3, -44, -31, -93, 113, -47]
[-17, -66, -67, -37, 5, 82, 108, 1]
[55, -9, -5, 19, -18, 7, -47, 93]
[34, 22, 20, 0, -30, -43, -58, -93]
[8, -55, -30, -17, -20, -22, -40, -22]
[-5, 41, 22, 11, 5, 28, 46, 5]
[-12, -11, -25, -21, -16, -68, -101, -25]
[-13, -43, -37, -11, 29, 98, -127, 53]
[54, 41, 45, 51, 7, 8, -71, 38]
[-19, -10, 2, -12, -13, -31, -57, -30]
[2, -30, -1, 1, 11, 12, 40, -22]
[-10, 35, 16, 5, -5, -38, -37, -14]
[-7, -11, -11, -13, 0, -42, -70, -41]
[-2, 37, 23, 15, 45, 101, 70, 32]
[6, 11, -1, 3, -10, -17, -80, 33]
[1, -2, 4, 7, -3, -53, -74, -3]
[-8, 6, 5, -8, -9, 28, 12, 17]
[-14, -3, 15, 11, 21, 8, -8, 7]
[-14, 11, 4, 5, 7, -3, 51, -9]
[1, 8, 17, 13, 9, 31, 37, 22]
[-17, -6, -3, -7, -13, -72, 29, 0]
[-30, -12, -9, -15, -12, 12, -38, -41]
[-13, -16, -7, 6, 10, 39, 63, -14]
[35, 14, -1, 0, -10, -17, -20, -5]
[83, 45, 22, 9, 6, 35, 46, 46]
[-21, -42, -24, -21, -31, -67, -85, -26]
[-21, -18, -6, -2, 0, 0, 50, -34]
[-33, -30, -13, -5, -16, -4, -20, -5]
[1, 0, 5, -11, -4, 0, 11, -20]
[27, -16, -51, -23, -13, 17, 45, 21]
[10, -12, -2, 39, -3, -21, -57, -29]
[11, 4, 3, -6, -6, -5, 2, 20]
[2, 2, -18, -4, -6, 12, 3, 7]
[-9, -29, 22, -3, -10, -32, -57, 8]
[-15, 19, -15, -9, 1, 8, 64, 23]
[11, 5, 18, 6, 3, 3, -37, 16]
[-1, 4, 0, -3, 8, 24, 5, 7]
[-13, -13, -1, 1, 4, -10, -9, -19]
[-6, 27, -1, -7, -4, -7, -5, -24]
[-1, 1, 8, 14, 14, 10, 2, 8]
[-30, 3, 1, -1, 11, 20, 10, 15]
[-1, 9, 14, 7, 1, -21, -21, -25]
[-23, 2, 11, 3, 5, 14, 29, -1]
[18, 22, 8, 2, 4, 20, 35, 61]
[15, 0, -5, 1, 3, 9, 2, 15]
[-3, -1, -5, -1, -10, -20, -25, -2]
[19, -2, 7, -6, -3, 1, 11, -7]
[-39, -9, -15, -7, -7, -15, -21, -13]
[-3, -11, -10, 1, 1, 15, 47, -3]
[-2, -19, -8, -4, -8, -13, -23, -17]
[-16, 12, 8, -2, 2, -3, -1, 5]
[15, 14, 9, 1, -4, 2, 20, -6]
[8, -38, -19, -1, 2, 8, -43, -5]
[5, 7, 1, -4, -3, -3, 13, -3]
[-2, -14, -2, -6, -7, -10, -9, -17]
[1, -15, -18, -3, -6, -13, -19, -10]
[-10, -10, -17, -6, 3, 17, -8, -8]
[2, 20, 12, 21, 4, 6, 44, 6]
[20, 43, 26, -5, -2, -12, -9, -10]
[-9, -26, -9, 4, 4, 10, 24, -4]
[-1, 8, 8, 1, 4, -1, 12, 18]
[2, -11, -8, -3, 0, 0, -10, -14]
[9, -13, -5, 0, 1, -6, -17, 2]
[-13, 10, 0, -4, -1, 0, -2, -9]
[2, 6, -2, -4, -2, -18, -39, -12]
[12, 12, -15, 3, 12, 20, 81, 18]
[8, -2, 37, 5, -2, 6, -27, 20]
[9, 4, 1, 0, -2, -3, 11, 2]
[-7, 4, 6, 1, -4, 4, -10, -27]
[17, 8, 4, 0, -2, -14, -34, 18]
[-11, -20, -35, -11, -6, -4, 1, -5]
[-4, -11, 0, 0, 3, 5, 7, -4]
[-16, 3, 5, 3, -4, -7, 7, -5]
[-3, -2, -1, -7, -8, -9, -22, -8]
[-6, -10, -13, -2, -5, 6, -7, 0]
[8, 0, 1, 2, 2, 4, 21, -4]
[22, 10, 5, 1, 4, 10, 2, 22]
[3, 4, 9, 0, 2, -3, 27, -11]
[0, -16, -11, -1, 0, 4, -22, 14]
[-5, 6, 2, 3, -3, -7, 2, -9]
[-6, 3, 3, 1, -1, 2, 8, -4]
[-6, -8, 0, -3, -5, -2, -25, -3]
[-3, -5, 2, 1, 0, -7, -3, -4]
[-3, 2, -10, -5, -3, 0, 2, -2]
[17, -11, -7, 0, 0, -4, -2, -10]
[3, 4, 8, 1, -1, 7, -2, 5]
[-11, -4, -8, -1, 2, 4, 31, -9]
[34, 30, 3, -1, 2, -2, -37, 25]
[-18, -5, -13, 0, 0, 4, 34, 11]
[16, -19, 19, 5, 2, -8, -36, 7]
[-2, 7, -3, -3, -3, -4, 0, -5]
[-20, 3, 0, 1, 2, 1, 7, 17]
[10, 14, 7, 0, 0, 0, -7, 1]
[-14, -4, -12, -6, -8, -15, -4, -16]
[5, -18, -8, -1, 2, 10, 27, -6]
[-4, 9, 6, 0, -2, -2, -4, -2]
[13, 0, -8, -1, 2, 5, 9, -5]
[-9, -11, -4, -4, -8, -7, -20, -16]
[3, 10, 5, 3, 4, 1, 6, 5]
[-4, -24, -8, -3, -7, -9, -10, -15]
[-9, 15, 9, 2, -2, 4, -3, -5]
[1, 3, 5, -3, -3, -2, -6, 6]
[-1, -7, -5, -3, -3, -9, -14, -2]
[-5, -15, -11, -4, -3, 3, -2, -22]
[-1, 2, 8, -1, 0, 0, 4, 2]
[-6, 12, -8, 0, 0, -3, -26, 4]
[1, 14, 1, -6, 0, 0, 11, 11]
[3, -4, 7, 8, 2, 15, 24, 3]
[-9, -12, 10, 1, -4, -5, -10, -7]
[-12, 12, -2, 1, -1, -1, -4, -12]
[1, 0, -2, -4, -4, -2, -2, -5]
[-8, -5, -4, -2, -1, -2, -6, -3]
[-5, -7, -8, -5, -3, -5, -2, -10]
[4, -3, 0, -2, -1, 4, 14, 1]
[-5, -18, -8, -1, -7, -6, -15, 1]
[29, -2, -3, 0, -1, -6, -23, 3]
[1, 4, 17, 5, 5, 15, 33, 20]
[1, -11, 4, -4, 1, -2, -10, -2]
[3, 15, -6, -1, -6, -5, -3, 1]
[-8, -8, -5, -3, -3, -2, -4, -6]
[-6, -3, -7, -3, -2, -4, -15, -2]
[-10, -12, -6, -1, 1, 4, 0, -7]
[25, -10, -2, -3, -6, -17, -29, -28]
[-18, 21, 10, 0, 2, 1, -7, 19]
[26, -31, -17, -4, 1, 22, 39, 26]
[3, 19, 5, 7, 1, 1, -7, -1]
[-13, -3, -3, 0, 1, 0, -14, -4]
[-3, -26, -3, -2, -2, -14, -24, -7]
[-10, 12, 5, -1, -2, -11, -7, -9]
[-1, 2, -5, -3, -3, 4, 3, 3]
[1, -6, 0, 1, -1, 2, -4, 6]
[3, 6, 3, -1, -1, 0, 17, -3]
[-20, -9, -5, -1, -3, -1, 2, 3]
[12, -2, -2, -2, -3, -6, -15, -5]
[5, 8, 2, 0, 2, -3, -3, 7]
[-1, -9, -10, -3, -3, 8, 5, -4]
[-1, -25, -3, 1, -3, -2, 5, -33]
[2, 5, 4, 1, 0, -1, 6, -5]
[-2, -4, 3, -1, -1, -2, -8, 3]
[-2, 2, -11, 0, 2, 0, -3, -12]
[-6, 4, 0, -1, -4, -6, -19, -6]
[-9, -8, -3, -2, 2, 0, 2, 0]
[-4, -17, 4, 1, 0, 4, 14, -7]
[6, 4, 1, 0, -4, -5, -3, -5]
[5, 18, 1, 3, 2, 0, -3, -5]
[13, -12, 1, -3, -2, 2, -4, 1]
[1, 32, 1, -1, 1, 2, 2, 17]
[-4, -12, -1, -1, -3, 0, 1, -4]
[7, 25, 3, 2, 0, -1, 3, 11]
[3, -11, -1, 0, -1, -1, -15, -11]
[1, -2, -6, 0, -2, 0, -4, -1]
[-5, -15, 1, -2, -1, -2, -8, -6]
[5, 17, 2, -4, -5, -11, -16, -6]
[-8, 2, -4, 2, 5, 7, 27, 10]
[-3, -20, -7, 0, -3, -5, -28, -2]
[1, 45, 14, 6, 5, 7, 50, -1]
[-5, -16, -9, -4, -6, -5, -42, -6]
[-3, 9, 1, -3, -1, -5, -13, 5]
[-4, -4, 4, 0, 1, 6, 8, 1]
[-2, -14, -1, -1, 1, -2, -5, 11]
[11, -6, 2, 0, 2, -4, -6, 1]
[-9, 11, -6, -3, -6, -4, 10, -2]
[-20, -23, -6, -1, -2, 0, -1, -11]
[5, 2, 0, -1, -4, -11, -14, -7]
[21, 14, 4, 1, 1, 3, -26, 14]
[0, -15, -5, -5, -6, 0, 7, 3]
[-9, 6, 2, -4, 0, -1, -1, 1]
[0, 6, 3, 2, -2, -5, -18, 2]
[-20, -8, -12, 1, 4, -1, 24, -5]
[-5, 2, -5, 2, 0, -3, 7, 4]
[2, -1, 12, -1, -2, -1, -6, -6]
[-1, 0, -1, -3, -8, -5, -20, -2]
[-3, -4, 0, -1, -1, 3, 13, 4]
[3, -12, -5, -1, 0, -3, -20, -2]
[-5, 24, -1, 1, 3, 4, 21, -1]
[21, -4, -2, -3, -3, 1, -8, 11]
[-7, -10, -2, -2, -5, -6, -5, -1]
[6, 0, -3, -2, -1, 0, -2, -9]
[-1, -23, -5, 1, -3, -9, -29, -12]
[1, 0, 0, 4, 9, 8, 12, -2]
[-21, -2, -3, -4, -7, -2, 1, 3]
[17, 6, 6, 0, 2, -2, -5, 0]
[-3, 9, -8, -4, -2, 3, 15, 1]
[4, -16, -9, -1, 1, 0, 7, 4]
[5, -7, -4, 0, -4, -5, 6, -7]
[-7, -2, 11, 3, 4, -2, -12, 1]
[12, -9, 2, 1, -2, 2, 20, 10]
[-14, 20, -5, -5, -8, -6, -10, -13]
[4, -12, 1, -2, 0, 1, -29, 1]
[3, 0, -1, 0, -2, 4, 25, 0]
[-4, -4, -5, 0, -1, -7, -1, 6]
[-2, -2, 3, 0, 1, -2, -23, -1]
[3, -1, 2, 0, 2, 0, 22, -2]
[-7, -9, -4, -1, -2, 1, 2, 5]
[-1, -5, -1, 2, -2, -6, -6, -7]
[-8, -7, -3, -1, 1, 13, 17, -1]
[31, 12, 2, 5, 2, -1, 6, 6]
[-11, 7, -7, 1, 1, -1, -1, 4]
[10, -10, 9, 0, 0, 0, 3, 1]
[-9, -6, -6, -3, -7, -5, 2, -3]
[2, 4, -2, 0, 1, 1, -7, 6]
[-3, -6, -5, 2, -3, -3, -3, -5]
[-10, 22, 1, 0, 2, 3, 15, -9]
[32, 14, 4, 3, 6, 3, 9, 10]
[-11, -9, 0, -6, -5, -5, -12, -7]
[-12, -12, -8, -4, -5, -8, -15, -10]
[-3, 15, 9, 5, 6, 18, 41, 23]
[-11, -16, 3, -9, -8, -9, -19, -4]
[-2, 17, -7, 2, 6, 5, 46, -1]
[12, 7, 0, -5, -6, -10, -28, 6]
[-23, -24, -11, -1, 1, 3, 28, -7]
[23, -4, 3, 2, -1, 2, -2, 3]
[6, -11, 7, -2, -2, -2, -10, -15]
[-21, 16, -6, -4, -6, -5, -20, -15]
[12, 16, 7, 2, 2, 6, 4, 9]
[15, 10, 0, -3, -1, -2, 0, -1]
[-12, -16, -4, 1, -2, 2, 1, -8]
[-2, 2, 10, 5, -2, 2, 7, 8]
[21, -3, 3, -2, -1, -6, -24, -3]
[-13, -9, -10, 0, 2, -1, 3, -5]
[-8, 4, 1, -2, -4, -5, -2, 18]
[5, -5, -1, -1, 0, 4, 22, 3]
[-2, -5, -9, -3, -5, -4, -20, -5]
[-32, -15, 2, 0, -3, 0, 1, -6]
[25, 9, 5, 3, 4, -3, 6, 1]
[15, -4, -6, 0, 3, 7, 5, 8]
[0, 2, -4, -2, -2, -4, -7, -12]
[11, -6, 1, 0, -2, -2, 10, 8]
[-16, 13, -4, -4, -4, 0, -7, -9]
[-18, -21, 3, 1, 4, 4, 42, -5]
[5, 5, 2, -4, -6, -4, -18, -6]
[19, 17, -5, 0, 3, 1, -5, 8]
[0, 3, 8, 0, -5, -5, -9, -18]
[4, -10, -15, -4, -3, -1, 3, 1]
[-10, -6, 4, 0, 1, 0, -35, -5]
[-23, 2, -7, 1, 2, -2, 22, 12]
[17, -14, 2, -2, -1, 11, 29, 16]
[12, 25, 1, 5, 1, -2, -21, 3]
[-9, 3, 2, -1, -5, -1, -2, -22]
[2, 8, 3, 6, 0, -6, -31, 2]
[-5, -7, 6, -2, -1, 7, 25, 8]
[-3, -11, -13, -10, -7, -5, -11, -2]
[-2, -4, 3, 9, -3, -5, 9, 11]
[-25, -24, 0, -8, -5, -4, -6, -15]
[0, 4, 2, 1, 1, -8, -43, -9]
[31, 20, 24, 1, 6, 11, 45, 16]
[10, -28, -21, 2, -3, 6, -8, 7]
[-20, -9, -2, 4, -7, -6, 0, -11]
[-23, -5, 0, -1, -3, -4, -25, 10]
[26, 4, 9, -2, 0, -8, -25, -7]
[-5, 10, -3, -3, -2, -9, 1, 2]
[6, -7, -6, -2, 0, 17, 20, 0]
[-29, -14, -6, -3, -2, -3, -5, -10]
[-18, -11, -5, -2, -5, -7, -15, -9]
[25, 6, 10, 0, -1, -3, 12, 0]
[-14, 13, -5, -2, -2, -4, -37, 1]
[10, -6, -4, 1, 7, 7, 59, -2]
[0, -3, 15, 0, -5, 2, -3, 5]
[5, -8, -9, 0, -2, -4, -14, 6]
[5, 4, 6, 0, 2, 2, 7, -1]
[-31, -9, 1, 3, -3, -7, -6, 6]
[9, 7, 1, 6, 6, 3, -1, -8]
[15, 24, 26, -3, 0, 7, 28, 39]
[21, -22, -6, -1, -2, -4, -2, 5]
[0, 7, 10, -4, -3, -6, -15, -3]
[-32, -15, -21, 2, 0, 0, -2, -12]
[-35, -10, -1, -4, -3, -3, -19, -20]
[29, 15, 6, 2, 3, 4, 13, 13]
[18, 2, 1, -3, -5, 0, -16, -7]
[-13, -6, -3, -10, -3, -17, -33, 0]
[-10, -13, -16, 9, 6, 27, 69, 2]
[-31, -18, 3, 1, -8, -2, -4, -26]
[14, 17, -7, -5, -3, -7, -17, -19]
[23, 6, 2, 2, -1, -5, -23, 26]
[1, -1, -18, -12, -11, -10, -62, -2]
[0, 6, 3, 1, 0, -2, 24, 1]
[-58, -25, -4, 2, 9, 20, 23, -10]
[-6, -9, -24, 3, 0, -10, 2, -18]
[42, 46, 13, 4, 4, 8, -15, 33]
[26, -2, -11, -10, -8, -17, -19, 27]
[56, 12, -5, 1, 7, 23, 14, 22]
[-46, -21, -29, -4, -5, -1, -9, -18]
[-36, -41, 24, 9, 2, -12, -4, -35]
[-32, 51, 21, 4, -3, -1, 1, -2]
[66, -8, 5, -1, -1, -19, -4, -6]
[-27, 31, 13, -10, 0, 18, 20, 49]
[67, -2, -38, 6, 5, -5, -16, 8]
[-53, -43, 1, -6, -5, -16, -5, -43]
[64, 26, 12, 8, 10, 11, -32, -4]
[6, 16, 10, 3, -2, -3, 79, -35]
[24, -2, -1, -4, 6, 28, -5, -12]
[13, 34, 25, 14, 14, -4, -7, 40]
[-89, -35, -32, -12, -13, -27, -42, -24]
[1, -5, 2, -6, -23, 2, 4, 6]
[1, 1, 8, -19, 4, 12, -4, -57]
[-28, -34, -21, 20, 2, -33, -60, 6]
[8, 42, 12, 9, 12, 36, 60, 52]
[22, 16, 36, 18, 14, -9, -49, -1]
[-56, 4, 24, -19, -17, -2, 37, 35]
[-23, -5, -28, -4, -14, -11, -43, -58]
[-21, -55, -51, -27, -49, -90, -73, 17]
[20, 27, 68, 26, 25, 65, 19, -3]
[37, 11, 0, -18, -19, -15, 7, -3]
[-34, -17, 1, -2, -5, -37, -67, -34]
[-38, 3, -12, -13, 11, 9, 74, -23]
[46, -8, -28, -4, -31, -47, 42, 48]
[56, 13, -24, 36, 31, 31, -108, 43]
[56, 24, 56, -7, 20, 103, -128, 82]
[-27, -35, -26, -8, -20, -49, 116, -23]
[-30, -20, 18, -3, 3, 25, 43, -9]
[-25, 5, 13, -4, -4, -24, 50, -53]
[27, 10, 14, -8, 7, 17, 16, 41]
[58, 24, -31, 16, 14, 49, 14, 1]
[-8, -58, 14, 21, -3, -45, -18, 16]
[-34, 8, -10, -17, -24, -42, -28, 8]
[-19, -57, -31, -23, -25, -11, -38, -87]
[57, 17, 37, 9, 5, -9, 59, 13]
[7, 38, 6, -14, 0, 22, -19, -9]
[4, -18, 2, 12, 19, 21, 31, 18]
[-46, 29, 0, -2, 2, 1, 13, 52]
[-8, -9, 2, 4, -2, -10, -33, 6]
[93, 41, 0, 9, 18, -9, -11, 14]
[-9, -23, 6, 8, 12, 32, 49, -11]
[0, 41, 4, 11, 11, 23, 27, 92]
[-26, -27, -2, -1, 6, 18, -16, -69]
[-35, -7, 15, 1, 10, 9, 36, -17]
[-79, -5, -25, -12, -21, -40, -43, -41]
[96, 6, -21, -3, -20, -49, -50, -104]
[43, 30, 35, 12, 17, 67, 3, 27]
[-21, -13, -25, -33, -12, -6, -73, -15]
[-2, -2, 26, 20, 16, 45, 104, -4]
[-42, -52, -48, 1, -17, -37, 10, -31]
[-9, 6, 53, 5, -1, 3, -58, 7]
[-11, -44, -40, -6, -13, -30, -38, -4]
[17, 28, -17, -22, -11, -24, -71, 7]
[17, -25, -20, -14, 6, 32, 40, 6]
[-17, -5, 28, 3, -34, -45, -58, 12]
[-42, 7, -43, -48, -26, -56, 19, -43]
[3, -84, -36, 27, 29, 85, 99, 91]
[32, 88, 70, -10, -22, -42, -124, -25]
[-25, -18, -72, -19, -9, -23, -76, -73]
[-10, -125, -26, 31, 35, 101, 44, -45]
[31, 105, 21, 16, -42, -111, 112, -61]
[-15, 11, -5, 5, 19, 33, 25, -21]
[-30, -37, -14, -19, -14, -29, -5, -39]
[-8, 58, 10, -8, 4, -27, -82, 63]
[5, -36, -3, 2, 17, 20, 98, 68]
[21, -8, 13, 23, 42, 78, 42, 61]
[-37, 33, 31, 2, 2, -37, -27, 11]
[-20, 24, 10, 16, 10, 30, 79, 36]
[-1, -6, 5, -1, 13, 25, 11, -13]
[-14, 17, 19, 11, 5, -41, 71, 8]
[10, 18, -17, -6, -11, 61, 51, 43]
[15, 2, -1, 5, -6, -39, -30, -3]
[-26, -7, 3, -9, -7, -15, -83, -47]
[-11, -15, -16, -10, -13, -44, -82, -56]
[-6, 9, 13, 23, 26, 35, 105, 40]
[18, 1, 0, 1, -5, 6, -42, 12]
[-32, -9, -2, -18, -15, -5, 21, -29]
[0, -37, -32, -8, -17, -22, -49, 5]
[49, 15, 4, 3, -4, -6, 5, 15]
[-28, 4, 10, -8, -18, -32, -34, -24]
[29, -19, -8, -23, -11, -10, 0, 2]
[-15, -28, -27, 9, -3, 5, 16, -2]
[1, -18, 1, -2, -8, -4, -64, 7]
[-3, -6, -20, -6, -6, 3, -15, -11]
[-1, -14, 21, 2, 0, -2, -16, 9]
[52, -3, -5, -14, -12, -14, -13, -41]
[-21, -14, 1, 3, 11, 2, 24, -8]
[12, 13, -10, 2, 1, -1, -5, -1]
[3, -20, -22, -10, -10, -14, -27, -17]
[-6, -11, 27, 11, 17, 35, 69, -7]
[-10, 20, -3, 5, 2, -8, 15, 1]
[26, 6, 8, 3, 2, 6, -18, -19]
[-23, -10, -15, -4, -9, -20, 5, -36]
[-9, -10, -44, -11, -1, 13, 8, -26]
[-9, 27, 41, 2, -1, -38, -36, 7]
[12, 24, 24, 8, 12, 52, 59, 6]
[-1, 22, -9, 3, -2, -3, -63, 7]
[-4, -3, -4, 3, 6, 5, 35, 26]
[-15, -17, -21, -6, -1, -7, -18, -10]
[-3, 9, 6, 4, 5, -15, -12, 24]
[7, 4, 0, 1, -2, -3, -3, -13]
[-7, 8, 0, -3, -3, 5, -7, -1]
[-7, -5, -13, -4, 0, -8, 5, 4]
[-12, -14, -4, -4, -8, -6, -19, 0]
[-12, -11, 2, 6, 15, 47, 48, 16]
[53, 11, 6, 2, -5, -20, -54, 7]
[0, 7, 10, -1, -1, 8, 23, -3]
[-5, -13, -19, -5, -10, -32, -51, -18]
[-13, -1, -1, -2, -3, -11, 20, -7]
[-18, 6, 11, 3, 8, 9, 4, 23]
[2, -17, -7, -2, -4, 5, 13, 0]
[-8, 0, -13, -6, -10, -16, -31, -19]
[0, 1, 2, -4, -6, -12, 4, 33]
[10, 19, -8, -2, 3, 27, -7, 0]
[13, 18, 0, 13, 2, 15, 70, 22]
[-7, 3, 9, -1, 2, 7, 7, -10]
[4, 23, 9, 5, 1, -15, -29, 3]
[-14, -12, -2, -5, -10, -25, -37, -19]
[-9, -12, -11, -8, -3, 5, -18, -13]
[11, -13, -8, 0, 1, 11, 6, 5]
[3, 6, 1, 1, -5, -22, -17, 10]
[-14, -6, 0, -1, -1, 16, 39, 5]
[-7, -3, -5, 1, 2, -9, -32, -13]
[-10, -7, 2, 2, 3, 16, 51, 24]
[26, -10, -1, -1, 3, 4, 4, -6]
[11, 7, 20, 4, -3, -3, 7, 16]
[-3, -15, 3, -1, -2, 2, -31, -6]
[1, -9, -17, -6, -4, -1, 22, -36]
[-13, 5, -2, -5, -6, -15, -37, -11]
[-9, -13, -1, -1, 0, 1, -4, 17]
[10, 0, 3, 3, 2, -1, 22, -2]
[1, 3, 3, -2, -1, -7, -20, -3]
[3, -10, -4, 2, 0, 4, 8, 3]
[-4, -1, 0, -2, -5, -11, -8, -5]
[-3, -9, -12, -8, -8, -17, -46, -12]
[-7, 6, 7, 5, 6, 20, 79, -1]
[17, -10, -12, 2, 3, 29, -5, 42]
[-16, -4, -1, -4, -5, -8, -21, -4]
[13, -10, 0, 4, 5, 12, 13, -2]
[4, -2, 2, 0, -2, -17, -33, -13]
[3, 10, 16, 2, 1, -15, 9, -10]
[-15, -2, -12, -3, -5, -6, -2, 0]
[-17, -11, -8, -4, 1, 7, 16, -4]
[4, 5, 0, 0, -3, -6, -11, 14]
[3, -5, -8, -2, -4, -4, 1, -30]
[1, -5, 0, -3, -1, -10, -13, 3]
[8, 9, 3, -2, -4, 0, -18, -6]
[0, -7, -15, 0, 4, 19, 59, 4]
[-18, -18, 4, -4, -5, -15, -62, -1]
[26, 35, 15, 5, 5, 14, 21, 9]
[3, 7, 2, 3, 0, 8, 54, -5]
[1, -9, 0, -3, -4, -9, -38, 5]
[-10, -7, -10, 1, 0, -7, -9, 2]
[-10, -28, -3, 0, 2, 2, 12, -11]
[-2, 6, 1, -2, 0, -4, -2, 5]
[-7, -9, -1, -3, -2, -4, -10, 2]
[7, 9, -1, 3, -3, 3, 21, -21]
[0, -5, 3, -2, -7, -3, -17, -19]
[3, 8, -7, -3, -1, 3, 13, 3]
[1, -2, 4, 0, -4, -6, -20, -3]
[-4, 3, -9, -8, -2, 1, 4, -28]
[8, 8, 0, 0, -1, 0, 17, 6]
[-7, -23, -14, -4, -7, -13, -50, -16]
[-2, 17, 14, 8, 7, 14, 29, 12]
[14, 7, 5, 2, 0, 10, -11, 25]
[-9, -24, -9, -4, -10, -10, -23, -1]
[8, 12, 4, 1, 6, 13, 38, -14]
[8, -13, -4, -8, -2, -11, -20, 3]
[-7, -5, 7, 4, -1, -6, 9, 1]
[4, 23, 7, 4, 4, 7, 42, -11]
[0, -6, -2, -1, 0, -5, -12, -1]
[0, 1, -6, -3, -8, -16, -37, -12]
[1, -6, -2, 0, 5, 12, 37, 5]
[-3, -5, 0, -3, -5, -7, -10, 1]
[-2, -1, -6, 1, -4, -7, -12, 6]
[7, -10, -5, -2, 1, 16, 53, -2]
[-8, 20, 1, 0, -3, -5, 3, 11]
[7, -5, 1, 2, -2, -4, -28, -27]
[-5, 2, 9, -1, 0, 2, 22, 2]
[2, 0, -1, 0, -2, -5, -35, 3]
[1, -7, 4, 3, 4, 2, 27, 9]
[4, -3, -14, 3, -1, 3, 13, 14]
[-13, -5, 1, 1, -3, 1, -6, -2]
[7, -4, -3, 0, 0, -5, -1, 10]
[-20, 4, -7, -7, -6, -9, -26, -6]
[-6, -32, -1, 1, 6, 12, 38, 9]
[10, 15, -2, -3, -3, -2, 4, 10]
[-8, 0, 2, 1, -3, -7, -11, -6]
[4, 8, -5, -4, -1, -7, -28, -5]
[-9, 2, 1, -1, -2, 3, 33, 7]
[3, -4, -1, 3, -1, -5, -21, 5]
[-10, 0, -4, 0, 1, 5, 35, 0]
[8, 10, 2, -2, -5, -11, -22, -6]
[-9, -6, -2, 0, 7, 11, 41, 17]
[8, 4, 6, 3, 2, 12, 29, 4]
[-5, -5, -4, -3, -7, -10, -39, -10]
[-4, -20, -6, 0, -2, 0, 4, -9]
[6, 7, 0, -3, 2, -6, -36, 7]
[-5, -10, -9, -4, -2, 0, 5, 1]
[-7, 0, 4, 1, -1, 1, -7, -2]
[6, -3, -4, -4, -4, -4, -4, 8]
[-2, 23, -4, -5, -3, -9, -21, -9]
[2, -20, -8, 3, 0, 2, -1, -2]
[10, 13, 17, 3, -4, -22, -75, 0]
[1, -6, 7, 3, 0, 32, 72, 19]
[2, 29, 6, -12, -6, -5, -49, -4]
[-13, 5, -12, 7, 4, 1, -1, -5]
[8, -5, -5, 1, -1, -4, -17, 4]
[2, 5, 0, 0, -2, -12, -15, -17]
[-15, -15, -8, -1, -1, 1, 1, -14]
[4, 3, -20, -20, -5, -2, 0, 4]
[-5, -5, -1, 16, 0, 2, 3, -11]
[1, 3, 6, 2, 1, 1, 16, -15]
[-9, -6, -3, 2, 3, 2, 16, 51]
[-5, -7, 2, -5, -3, 0, -16, -9]
[-1, -6, -7, -8, 0, 3, 33, 0]
[-3, 4, 3, 1, -2, -2, -15, 7]
[0, 4, 8, 4, -2, -4, -11, -5]
[-2, -5, 1, -3, -2, -5, 2, 7]
[4, 5, -1, -5, 0, 7, 0, -5]
[-10, -4, -3, 2, 1, -4, -21, 0]
[2, -20, -3, 0, -4, -3, -1, -9]
[16, 0, -5, 2, -2, -1, 3, -2]
[8, 8, 6, -1, -3, 5, 9, -5]
[5, 10, -3, 1, 0, -3, -1, 4]
[-13, -17, 1, 0, 0, 3, -6, -4]
[-1, 7, 4, 3, 2, 1, 7, -1]
[-9, -4, -2, -6, -2, -3, -5, 1]
[0, -20, -6, -2, -1, -3, -6, 7]
[-6, 36, 0, 5, 2, 2, -2, -6]
[9, 4, -1, 2, -1, -3, -19, -27]
[0, -32, -8, -3, -2, 1, 13, 17]
[-8, 0, -3, -1, 0, 1, -7, 12]
[-5, -4, -2, -3, -5, -1, -8, 1]
[1, -10, 1, -2, -1, -6, 2, -7]
[21, 26, -3, -3, -3, 0, -5, -2]
[-10, -2, -2, 1, -2, -5, 4, -14]
[23, -8, 6, -2, 2, -3, -47, 10]
[-15, 23, 27, 7, 6, 16, 80, 22]
[4, -4, -21, 0, 7, 14, 51, 11]
[-15, -36, -9, 5, 0, -1, 9, -1]
[4, 19, 14, 0, -3, -6, -5, -20]
[27, 5, 10, -1, -2, -6, -24, 10]
[-11, 6, 5, -7, -4, -13, -35, -11]
[14, -4, -3, -9, 0, 13, 26, 5]
[-6, -27, -16, 8, -5, -8, -6, -15]
[-6, 4, 4, 0, 3, 3, -19, -5]
[-10, -16, 0, 1, -2, 0, 11, 14]
[-4, 27, 1, -6, -4, -7, -28, -6]
[3, -2, 10, -3, 2, 0, 6, -2]
[-5, -4, -20, -7, -10, -18, -64, 0]
[-4, 5, 7, 0, 10, 20, 66, 4]
[10, -15, -11, 9, -1, 1, -13, -2]
[3, -10, -3, -5, -11, -15, -24, -17]
[-13, 4, -3, -3, 1, -5, -5, -12]
[-1, 2, -31, -7, 0, -2, -30, -4]
[12, 1, 12, 6, 2, 18, 70, 0]
[-1, -4, -17, 9, -4, -3, 4, 40]
[-8, -12, 22, -13, -4, -8, -46, -12]
[-9, 9, -39, -35, -8, -28, -53, -19]
[10, 16, 1, 63, 5, 0, 10, -36]
[15, -12, 14, -12, -2, 3, -12, 6]
[3, -8, 8, 3, -4, -3, 13, 3]
[-2, 11, 27, -1, -3, -1, -4, -11]
[-10, 7, -8, -33, -2, -2, -9, 17]
[-12, 13, 20, 4, 5, 7, 35, -16]
[2, -26, -54, -14, -3, 4, 0, 0]
[-2, -3, 28, 29, 0, -2, 26, -10]
[-1, 37, 1, -6, 2, 8, 10, 21]
[-2, 6, -10, 6, -1, 0, 17, -2]
[-1, 28, 24, -18, 7, 12, 2, 13]
[-1, -29, -16, 14, 4, -3, -9, 21]
[-7, -34, -16, 7, -14, -28, -85, -70]
[-14, 9, -22, -7, 0, 12, 84, -30]
[-7, -24, 32, 11, 3, 20, 94, 20]
[3, -8, -39, -11, -6, 2, -30, -8]
[-3, -4, -12, -27, -3, -5, -17, 11]
[-15, -16, 68, -8, -1, -9, -39, 32]
[-3, 5, -99, 24, 0, -6, -9, 50]
[4, 6, 74, 4, -1, 3, 6, -1]
[9, -5, 14, 2, -2, -4, 13, 23]
[3, -8, 11, 48, 3, 5, -12, -12]
[-16, 34, -17, -40, -3, 1, 9, 16]
[19, -10, 20, 21, 3, 4, 8, 1]
[-20, -3, 1, 12, -8, -12, -22, -8]
[-11, -5, -88, -100, -11, -4, -2, -29]
[12, -33, 13, 97, -5, -10, -38, -51]
[-1, 36, -1, 16, 7, -12, -5, 58]
[-15, 18, 24, -27, 19, 43, 74, 4]
[2, 3, 3, 18, 6, 9, -12, 36]
[20, -10, 19, -35, -11, -10, -5, -42]
[1, -25, -59, -21, -22, -29, -79, -5]
[16, -10, -3, 4, -9, 10, 57, 10]
[13, -14, -22, -2, -9, -11, -20, 2]
[5, -5, 5, -3, -4, -5, -3, 8]
[0, -5, 31, 3, -1, -16, -42, -13]
[6, -14, -4, -20, -2, 3, -4, -5]
[13, 24, 12, 12, 7, 12, 13, -3]
[-2, 0, 20, -2, 4, 2, -10, -21]
[-10, 2, -4, -5, 1, 2, 8, -27]
[-7, 9, -3, -2, 0, -13, -40, 4]
[-2, -3, 1, 6, -1, 7, 18, -7]
[-2, 2, 2, 1, -4, -9, -32, 4]
[-8, 0, -4, -3, 2, 7, 23, -9]
[13, 32, 11, 10, 10, 12, 51, 53]
[0, -6, 5, 7, -5, -8, -27, 5]
[-12, -1, 8, -4, 5, 4, -7, 20]
[6, -6, -3, -6, -5, -1, -1, -3]
[0, -20, -3, -4, -10, -16, -47, -17]
[-3, 28, 7, -3, -8, -18, -12, -10]
[-14, -19, -18, -6, -5, 0, -10, 9]
[4, -34, -8, -19, -10, 3, 23, -33]
[-2, -36, -5, 18, 7, 8, -29, 12]
[0, -13, -3, -9, -7, 0, 10, 17]
[16, -3, -9, 6, -3, 0, 13, -22]
[-2, 26, 1, 2, 2, 9, 15, 6]
[-5, -38, -9, -10, 0, -7, -16, -9]
[-1, -7, -8, 3, 10, -1, -12, -15]
[-6, 17, 23, -3, 1, 6, 14, -18]
[1, -5, 1, 0, 2, 8, 8, 1]
[2, 15, 0, -3, -1, -16, -36, -13]
[-11, 2, 14, 9, 6, 6, 22, -6]
[-8, 11, -6, -3, -1, 3, 15, 19]
[1, 12, 7, 5, 2, 9, -5, 4]
[-1, 6, 2, -4, -4, -6, 0, 7]
[9, -3, -1, 2, -1, -3, -22, -1]
[-1, -11, -1, -4, -1, -2, 1, -2]
[-6, 9, 1, 0, -3, 1, 9, -9]
[0, 0, 0, -2, -8, -5, -2, 13]
[8, -13, -12, -7, -5, -5, 1, -29]
[1, 1, 8, -2, 3, 4, -4, 18]
[-2, -6, -14, 0, -2, 0, -7, 8]
[-2, 5, -2, -5, -6, -5, 5, -18]
[4, 7, 10, 15, -3, 0, 1, -1]
[7, 22, -14, -8, -3, -4, 2, -1]
[0, -6, 4, 0, -2, -5, -19, -3]
[3, 22, 9, -2, 1, 7, 32, 4]
[-1, -8, -11, -4, -5, 1, -5, 11]
[8, 1, 5, 1, -4, -4, -10, -3]
[3, 2, -9, -4, 0, 3, 24, -2]
[-2, 4, -7, 1, 5, -3, -7, 11]
[-3, 21, 29, 4, 4, 2, -6, 5]
[-4, -14, -8, 0, 2, -1, 13, 8]
[1, 6, 7, 0, 0, 1, -7, -10]
[-1, -9, -3, 1, -2, -1, 2, -2]
[-1, -6, -7, 0, 2, -2, 5, -7]
[-5, -4, 2, 0, -2, -6, -22, 8]
[-3, 2, 7, 2, 2, 8, 28, 6]
[2, -4, -3, 1, -2, -2, -3, -6]
[2, 8, -5, -3, 0, 3, -9, -10]
[9, -7, 1, -1, 0, -1, 4, -16]
[7, -5, 4, 1, 1, 0, -4, -3]
[3, -7, -3, -1, -2, -3, -9, -5]
[-7, -5, -3, 1, -1, -2, 6, 17]
[8, -6, 1, -2, -2, -3, 11, -9]
[0, 2, -4, -2, -1, -4, 0, 16]
[1, -2, 2, -4, -2, -4, -10, -6]
[-2, -10, 0, -4, 1, 0, -1, 1]
[-10, -7, -9, 5, 2, 4, 5, -2]
[4, 27, 0, 2, -1, 2, 0, 9]
[-3, -11, 1, 0, -4, -5, -12, 0]
[1, -3, -10, -5, 0, -2, 11, -1]
[-4, -5, -2, 1, 1, 0, -13, -7]
[-5, -7, 6, 1, 0, 2, 36, -13]
[-2, -5, -8, -5, -6, 0, 3, -6]
[2, 0, 3, 2, 0, 3, -17, -2]
[-8, 8, 0, -4, -3, -6, -5, 1]
[4, -49, -19, -2, -6, -3, -26, -52]
[4, 47, 8, 1, 1, -3, -22, -16]
[-1, -16, -11, -5, -4, -3, 5, 0]
[0, -2, 0, -2, -2, 3, 16, -1]
[-7, -1, 6, -2, -5, -4, -11, 6]
[-3, -9, -11, 1, 1, 0, -1, 2]
[2, 9, 2, 0, 0, -4, -10, -3]
[4, 8, 2, -2, -3, 0, -1, -3]
[-4, 15, 11, 3, 4, 1, 3, 9]
[6, -24, -6, 0, 2, 3, 2, -6]
[-7, -2, -8, 1, -5, -5, 0, -23]
[-4, -6, 4, -2, 0, 1, 9, 10]
[-3, -1, -1, 0, -3, -4, -10, 4]
[-2, 7, 2, -1, -1, 0, 15, -3]
[2, -8, -6, -1, 0, 5, -8, 12]
[-3, 1, 7, 1, 2, 7, 13, -3]
[3, -5, -7, -2, -1, 9, 0, 9]
[-5, 0, 0, -2, -2, -16, -4, 3]
[3, 8, 15, 1, 1, 1, 12, 0]
[-3, -1, -15, 0, -5, -16, -28, -6]
[7, 8, 5, -1, 3, 13, -11, 14]
[-1, -20, -1, -3, -4, 0, -22, -3]
[-1, 0, 2, 0, 1, 7, 35, 11]
[-5, -8, 1, -1, -3, -4, 15, -14]
[-5, -22, -7, 0, -3, -11, 2, 6]
[4, -11, 0, -1, -4, -5, -2, -2]
[6, 19, 3, -3, -2, 0, -16, -1]
[8, 12, -11, -3, -3, 0, -7, 1]
[-9, -4, 13, 0, 0, -4, 4, -1]
[3, -7, -8, -6, -1, 2, 3, -17]
[-6, -15, -14, 0, 1, -7, -3, 10]
[-3, -8, 20, 4, 1, 11, 12, 7]
[-2, 10, -2, -1, -1, -4, -12, -5]
[-9, 17, 2, 5, 3, -2, -9, 27]
[-4, -3, 3, 1, 6, 7, 24, 4]
[3, 11, 12, 1, 3, -10, -8, 11]
[10, -20, -14, 3, 7, 28, 51, 16]
[-13, 21, 20, 1, 3, -3, -10, 0]
[20, -4, -2, 1, -2, 2, 20, 8]
[-13, -22, -1, -3, -3, -2, -1, 24]
[-11, 15, 1, -5, -4, -21, -30, -7]
[3, 30, 5, 9, 11, 33, 64, 12]
[-2, -9, -8, -6, -17, -15, -28, 13]
[-13, -6, -8, -2, 4, -2, -7, 29]
[25, -5, -26, 2, 7, 17, 22, 1]
[11, 0, 0, -4, -10, -18, -30, 1]
[-12, -52, -102, -12, 7, 1, -2, -4]
[10, 76, 104, 11, -18, -71, -23, -30]
[-43, -9, -36, -11, -7, 33, -33, -51]
[-28, -22, -6, 29, 15, 62, 86, 9]
[49, 13, -5, 7, 40, 66, -7, 13]
[-23, -43, -82, -13, -3, -13, 1, 2]
[17, 51, 83, 24, -8, -26, -39, -1]
[-2, -22, -14, -27, -14, -17, -16, 62]
[9, 17, 26, 4, -10, -13, -18, -33]
[4, -40, -99, -3, 5, 3, -11, -47]
[-27, -41, 60, -10, 11, 26, 66, 52]
[-27, -33, -104, -9, -15, -8, -84, 50]
[-6, 65, 49, 24, -18, -29, 12, 20]
[83, 3, -68, -22, -4, 39, -58, 32]
[-34, -55, 44, 12, 5, -7, 56, -1]
[4, 28, 5, -17, -8, -67, -10, -26]
[-51, -62, -8, -19, -30, -1, -41, -62]
[53, 11, -69, 8, -12, -38, -48, -79]
[-3, -8, 10, 15, 26, 21, 24, -2]
[4, -2, -8, 11, 19, 14, 64, 9]
[-24, 23, 55, 1, -5, -73, -30, -13]
[-1, 17, 35, -5, -12, 20, -65, -7]
[11, -35, -92, -14, 12, 69, -22, -20]
[-5, -5, 28, -1, -20, -28, 26, -87]
[19, 0, -4, -6, -16, -14, -66, 36]
[-35, -57, -29, -14, -5, -8, -88, 5]
[14, 14, 4, -7, -19, -48, 47, -1]
[11, 6, 33, 6, 3, 14, 20, -6]
[-5, 5, -31, -18, -7, -5, 12, 11]
[-12, 1, 21, 8, -7, -4, 25, 7]
[-8, -39, -37, -4, -21, -42, -45, 37]
[41, -16, -40, -21, -17, -22, -59, -41]
[-9, -9, -54, 4, 15, 33, 74, -11]
[-9, 31, 52, 1, 9, 4, 11, 5]
[11, 77, 67, 15, 12, 36, 69, 22]
[30, -53, 36, 6, -8, 2, -54, 8]
[-5, 27, -9, 0, -1, -17, -38, 3]
[-35, 9, -33, 4, 9, -28, 37, -35]
[-18, 15, 4, -12, 0, -27, -84, -28]
[15, -8, 7, 12, 24, 66, 58, 49]
[30, 5, 36, 9, 11, 2, -32, 9]
[-6, 14, 28, 1, 5, 4, 30, 21]
[-15, 9, -28, -6, -21, -72, -72, -52]
[2, 3, -10, -4, 1, -21, -72, 19]
[-12, -22, 6, 5, 11, 46, 112, 10]
[-3, -16, 14, -7, 13, 68, 47, 28]
[23, 14, -22, 12, -9, -47, -50, -22]
[-27, 21, 6, 3, 6, -4, -23, -35]
[6, 13, 9, 13, 22, 50, 88, 36]
[6, -4, 39, -4, -11, -27, -105, 2]
[3, 11, -23, -6, -8, -18, -43, 18]
[4, 10, -4, 0, -3, 26, 2, 1]
[-11, -9, 3, -6, -9, -48, -85, -32]
[-7, 7, 14, 5, 9, 30, 76, 7]
[20, -9, -18, -2, 3, 44, 29, 46]
[0, 2, 0, -4, -7, -37, -17, -46]
[1, -3, 5, -5, -5, -10, -6, -10]
[11, -9, 3, 8, 1, 11, 36, 12]
[6, -6, -20, -8, -13, -21, -14, -22]
[-9, 4, 8, -4, -6, -7, 0, 4]
[-5, -20, -18, -7, -10, 11, -36, -4]
[-4, -3, -6, 1, -4, -5, 49, 10]
[8, 1, 1, -7, -6, -4, 12, -15]
[15, 14, 5, 4, 9, 23, 44, 28]
[-14, -14, -11, 0, 3, 0, 9, 18]
[-4, -3, -16, 0, 4, 10, 37, -28]
[-3, -21, 26, 3, -1, 4, 29, -1]
[-4, 13, -5, -4, -8, -11, -17, 6]
[0, -8, -7, 0, -1, -12, 5, 10]
[-6, 8, 5, -1, 1, 1, -8, 4]
[1, -5, -4, -1, 4, 17, -7, -8]
[-9, 22, 6, 5, 9, 4, -7, -19]
[-14, -2, 8, -2, -7, -18, -35, -31]
[3, -4, 6, 8, 14, 20, 25, 13]
[0, 4, -15, -2, 3, 2, -18, -2]
[-2, -12, -11, -3, -7, -15, -27, -14]
[12, -1, 34, -4, -13, -11, -17, -12]
[-3, 12, 8, 3, -8, -9, -11, 5]
[4, -2, -8, -2, -1, 3, -30, 12]
[-11, 2, -5, 0, 1, 4, 28, 18]
[2, -5, -26, -4, -1, 5, -3, -4]
[4, -33, 4, 0, -8, -15, -37, -15]
[6, 28, 21, 0, -1, -7, -2, 3]
[-6, -1, -3, -1, -3, -17, -9, -9]
[-3, 4, 0, -1, -2, 5, -5, -17]
[-10, -2, 14, 6, 11, 9, -21, -2]
[8, -9, -23, -8, -2, 1, 7, -1]
[0, -6, 5, 3, 1, 8, 31, -5]
[-1, -7, -2, -5, -11, -23, -8, 3]
[-26, 8, -4, 0, -4, -3, 55, 18]
[0, -1, -9, -1, 1, 1, 22, 3]
[-3, -4, 6, 0, -4, 2, 6, 0]
[12, -8, -24, -5, -6, -5, -17, 0]
[-2, -1, 4, -5, -12, -3, 5, -4]
[-7, 1, -15, -3, -2, -3, 4, 1]
[-1, -9, 17, 0, -1, -3, -20, -7]
[-2, -27, 19, 10, 8, 1, 0, 31]
[12, 27, -13, -4, -1, 0, -17, -7]
[0, 19, 20, 0, -4, 1, -14, 3]
[-1, -3, -21, -1, 2, 0, 16, -9]
[-5, -9, -10, 0, 7, 9, -18, -6]
[8, -1, 7, 1, 4, 3, 17, 2]
[-7, -10, -12, 3, 3, 3, 12, 10]
[-4, -2, -4, -1, 1, 2, -17, -7]
[5, 13, -1, 2, 1, 6, 24, -14]
[4, -13, -18, -4, -5, -27, -30, -1]
[-9, 24, 31, 6, 8, 36, 86, 4]
[1, -8, -3, -3, -1, -4, 13, 0]
[10, 6, -3, 0, -2, 2, -33, 4]
[6, -4, -3, -3, -3, 3, -18, -19]
[-5, -8, -11, 1, -2, -10, -7, -10]
[-5, 5, 4, -1, -5, -5, -15, -7]
[2, 6, -6, 0, 0, 0, 16, -7]
[-5, -8, 1, -2, -1, -5, -9, 3]
[2, -9, -7, -3, -6, -8, -25, -1]
[9, -2, -2, -1, -3, 5, -11, 5]
[-5, -15, -25, -3, -3, -8, -15, -3]
[5, -1, 18, 1, -4, -7, -14, -1]
[11, 13, 14, 0, -5, 0, -57, 15]
[-4, 2, 3, 3, 2, 4, 17, 11]
[3, -5, -4, -4, -2, 7, 11, 3]
[3, -22, -9, -3, -4, -9, -21, -13]
[-3, 4, -9, -1, -2, -6, -11, -7]
[-1, 1, 1, -1, -3, -13, -32, -6]
[4, 3, -7, 0, -1, -5, -11, -4]
[-4, -2, 2, 3, 2, 11, 26, 10]
[0, -9, -3, -5, -5, -14, -11, -6]
[3, 0, -3, 1, 0, 7, 2, 16]
[-4, 6, 5, 1, 2, 4, 18, -8]
[-7, 10, 12, 0, -2, 1, 2, 24]
[2, -23, -11, 0, 1, -1, -12, -14]
[-5, 6, -19, 1, 2, -10, -7, 2]
[9, 3, 37, 4, 6, 29, 57, 14]
[7, 9, 6, -3, -4, -3, -21, -14]
[3, 8, -14, 0, 6, 2, -2, 1]
[4, -6, 4, -2, -3, -8, -10, -7]
[-6, 8, -3, 1, 0, -15, -25, -17]
[-2, 6, -5, -1, 0, 6, 22, -3]
[-8, -3, 0, -2, -2, -4, 0, -3]
[-4, -9, -7, -2, 0, 2, -16, -8]
[-1, -1, 0, -5, -4, -4, -3, 6]
[-1, -5, -1, -1, -2, -2, -14, -1]
[1, -6, -13, -5, -5, -4, -4, -3]
[-3, -28, -25, -1, 4, 5, 2, 4]
[0, 22, 55, 2, -3, -6, -22, -4]
[-3, -6, -5, -3, -3, -4, 24, 1]
[16, 6, 8, 2, 3, 14, 27, 12]
[1, 7, -3, -2, -3, -4, -7, -8]
[-3, -6, -23, -3, -1, 1, 6, 2]
[-1, -10, -4, 2, 3, -4, -26, -6]
[-14, 10, 4, 2, -1, -4, 5, 18]
[3, -5, 7, -3, -2, 3, 5, 7]
[-4, 0, -11, 0, 1, -7, -15, -5]
[-4, 13, 8, -2, -3, -2, 1, 2]
[-3, -12, -11, -3, 0, 7, 39, -6]
[1, 3, 11, 5, 1, 9, 13, 5]
[5, 3, -5, -5, -5, -9, -17, 1]
[3, -5, -8, 0, 2, 7, 13, 7]
[2, 2, 0, 0, 1, -2, -12, -4]
[-12, -4, 10, 1, -5, -7, -16, 19]
[1, -5, -5, 0, 0, 0, 12, 3]
[0, 5, -4, -2, -2, 3, 5, -7]
[-2, -10, -8, -2, -5, -10, -24, -2]
[2, 19, 13, -3, -3, -3, -7, -4]
[1, -19, -8, 0, 1, 12, 15, 10]
[6, -8, 7, 1, -3, -4, -1, -2]
[-4, -2, -2, -1, -1, -3, -7, 2]
[-3, -6, -5, -1, 0, -4, -7, 12]
[1, -6, -6, 0, 1, 2, 26, -9]
[2, -6, -7, -2, 1, -3, -19, -6]
[-2, -6, -11, -3, -1, 2, 32, -9]
[0, 14, -2, -2, -2, -11, -59, -15]
[4, 12, 19, 8, 7, 25, 44, 15]
[2, 9, 2, -1, -1, 1, 12, 27]
[10, 3, 9, 2, 3, -1, -19, -13]
[3, 1, -4, -4, -2, -1, -10, -14]
[-4, -15, -15, -2, -2, -12, -20, -10]
[-1, 9, -2, 3, -1, 5, 13, -1]
[-4, -3, 1, -1, -5, -8, -32, -4]
[-7, -6, -12, -2, -1, -2, 5, -1]
[10, 28, 16, 4, 8, 15, 61, 14]
[3, -30, -3, -2, -4, -2, -9, 13]
[-4, 10, 0, -1, -3, -7, -23, -9]
[-2, -8, 9, 1, -5, 2, 8, -16]
[-3, -12, -12, -4, -5, -12, -38, -13]
[-7, 5, -9, -2, 2, 2, -1, -8]
[5, -14, 11, 2, -1, 0, 11, 4]
[3, -20, -24, -5, -1, 0, 5, -7]
[-5, -11, 10, 0, -6, -6, -14, 0]
[7, 35, 15, 1, -1, 1, 4, -5]
[-2, -6, 0, -6, -5, -4, -16, 1]
[0, -1, -3, -1, 1, 9, 41, 5]
[-2, -4, -10, 0, -2, -7, -20, -8]
[-1, -15, 0, 3, 0, -7, -7, -5]
[-6, 0, -1, 4, 4, 12, 19, 1]
[3, 19, 12, 1, -1, -1, 6, 4]
[2, 2, -9, -4, -4, 2, 7, 4]
[0, -9, -2, -2, -2, -3, -23, -23]
[-2, 9, -2, 0, -3, -4, 8, -1]
[0, -1, 14, 4, 5, 1, -1, 2]
[-4, -5, -6, -4, -6, 0, 10, 8]
[-9, -1, -1, -4, -6, -1, -5, 15]
[3, -14, -2, -1, -2, -5, -13, -5]
[-3, -17, -3, -2, 1, 2, 13, -2]
[-7, 19, 0, -1, -6, -14, -13, 2]
[0, 1, -4, 2, 2, 8, 6, 4]
[-6, -2, -9, -4, -3, -1, 0, 7]
[4, -7, -1, -1, -3, 0, -1, -8]
[-5, -11, -17, -2, 1, 0, -8, 0]
[0, 4, 17, -1, -1, 0, 10, -7]
[-2, -15, 5, 1, 1, -1, -5, 1]
[-5, -8, -5, 2, -2, -3, -5, 8]
[10, 21, 8, 0, -1, -3, -9, -5]
[-7, -7, -8, -1, -2, -3, 9, 2]
[-4, 7, -4, -2, 4, 6, 5, 2]
[1, 23, 16, 0, -3, -4, -20, -4]
[-7, 11, -2, 2, 6, -4, 31, -4]