[2, 0, -12, -3, -2, -4, 3, 0]
[-1, 3, 1, 0, 0, 2, 2, -1]
[-10, 0, 3, 0, 3, 3, -2, 8]
[1, 2, 2, -3, -1, -1, 4, -9]
[14, -8, 2, -1, -3, -3, 4, -9]
[-2, -1, 5, 2, 1, 3, 4, -1]
[-1, -4, -4, -3, -5, -10, 0, -5]
[-3, -6, -5, -4, -5, 3, -9, 1]
[-4, 2, -1, 2, 0, -3, -2, 8]
[6, 2, -7, 1, 5, 1, 1, -9]
[7, -4, 1, 0, -3, -3, -3, 0]
[-1, -3, -3, 0, -3, -2, 1, 5]
[-4, 12, 6, 3, 1, 2, 1, 1]
[-5, -2, -3, -2, -3, 0, 0, 4]
[-1, 1, -5, -2, -1, -4, -4, 6]
[3, -8, -4, -1, -1, -3, 2, -6]
[-5, 5, 3, -2, -2, 3, -8, 21]
[0, 2, 3, 1, -1, -1, -4, 3]
[0, -3, -2, 1, 2, 4, 6, -1]
[-4, 8, 2, 7, 1, 1, 6, 14]
[3, 0, 4, -2, 2, 0, 0, 0]
[-5, 0, 9, 1, -1, -5, -9, 0]
[-4, -3, -13, -1, -2, 1, -8, -6]
[0, -6, -3, -2, 3, 1, 9, 8]
[-1, 22, -3, 5, 3, 0, -13, -6]
[-3, -7, -6, -5, -5, -4, -3, 0]
[4, 12, 2, -3, -2, -1, 3, -2]
[-8, -6, 1, 1, 4, 5, -3, -1]
[20, 6, 0, -4, -3, -2, 2, 4]
[-2, -8, 10, 1, -5, -3, -13, -4]
[1, 8, -9, 3, 1, -1, 14, 7]
[2, 0, 1, -2, -1, -3, 1, 18]
[-6, -9, 1, -2, -1, -1, -1, -3]
[-6, 3, -1, 1, 3, 7, 0, -3]
[6, -2, 3, 0, 2, 1, 0, -7]
[0, 1, -1, 0, -4, -2, 0, -8]
[-5, -3, -4, 3, 3, 0, 4, 0]
[-1, 8, 6, 0, 3, 3, 8, 11]
[-5, -2, 1, 0, -1, -3, -11, -6]
[-1, 5, 6, 5, 6, 6, 21, -10]
[8, -8, -8, -1, -5, 5, 19, -24]
[-7, -2, -6, -3, -5, -4, -3, 9]
[-3, -4, 3, -3, -2, 2, -3, 32]
[1, 4, 2, -3, 2, -3, -8, -6]
[-10, -13, 5, 6, -3, -3, -7, 20]
[11, 8, -2, 0, 1, 3, 11, -13]
[1, 19, -3, 2, -5, -3, -4, 2]
[-7, -11, 20, -2, -2, -3, -3, 17]
[-5, -4, -9, -18, -3, 0, -15, -7]
[2, -18, -7, 15, 2, -2, 0, 9]
[1, -33, -15, -43, -19, -9, -13, -64]
[17, -14, -33, 35, -6, -8, -17, -56]
[5, 8, 4, -4, -4, -3, -3, 16]
[-4, -11, -2, -8, -3, 0, 7, 15]
[0, 12, 1, 6, 1, 3, 8, 13]
[-6, -30, 1, 1, 2, 5, 1, -6]
[-10, 25, 25, -8, -3, -6, -6, -19]
[9, -23, 3, 6, 3, -2, -6, 6]
[-7, -2, 12, 9, -3, -3, -9, -26]
[-6, 2, 5, -9, -2, -4, 12, -11]
[0, -11, -7, 8, 2, 3, -3, 20]
[15, 6, -3, -15, -3, 3, -6, -43]
[-6, -1, 8, 9, 6, 12, 19, 17]
[-4, 10, -11, -7, -2, -4, -12, 16]
[-3, 5, 4, 3, 4, 1, 23, -9]
[0, 9, 1, -3, 0, 1, 3, -5]
[-4, -15, -13, 4, 4, -2, -7, -2]
[3, 6, -3, -5, -8, -8, -10, -17]
[5, -2, -6, -2, 0, -4, 2, 12]
[-9, 0, -1, 1, -3, 4, -6, -3]
[2, 6, 6, 12, 11, 2, 13, 13]
[4, 4, -3, -9, -6, -6, 1, 31]
[-8, -6, 0, 2, 1, 6, 9, -3]
[5, 4, -6, 0, 3, -4, -9, 2]
[0, 4, 4, 3, 6, 6, 10, 6]
[-6, -4, 0, -3, 0, 1, -9, 5]
[11, 18, -6, -1, -8, -8, -18, -34]
[-5, 8, -5, -1, -4, -5, 11, -16]
[9, -19, -12, -6, -8, -9, -9, 2]
[3, 7, 2, 1, -1, -1, -3, 4]
[-10, -26, -8, 2, -1, 0, -8, 17]
[-4, 18, 2, -1, 2, 2, 11, 10]
[6, -5, 3, -7, -10, -10, -20, -40]
[-5, 4, -10, -2, 0, 7, 8, 8]
[3, -21, -1, 0, -1, 1, 3, 0]
[-3, -2, -2, -1, 0, -6, -5, 7]
[-8, -7, -3, 3, 4, 3, 5, 12]
[10, 0, 1, -6, -1, 7, 1, -29]
[-2, 5, -3, -3, -1, -1, -2, 8]
[-2, -12, 13, 7, 5, 3, -7, 8]
[-6, 8, -1, 1, 0, -7, 2, 16]
[4, 6, 3, -2, -3, -4, 3, 5]
[4, -3, -9, -3, -8, -5, -14, -5]
[2, -5, -3, -1, 0, 8, -4, 0]
[1, -7, -8, -1, -3, 1, 6, 9]
[-13, -4, -2, -3, 0, -6, -14, -3]
[-3, -16, -1, -1, -2, -5, 24, -2]
[14, 11, -1, -2, -6, -6, -19, 6]
[-6, 6, -5, -2, -6, -3, -8, -5]
[-5, -9, -5, 1, 2, -1, 3, 31]
[-16, 8, 14, 6, 8, 3, 1, 5]
[6, -8, -4, 1, 3, 0, 10, -1]
[2, 3, 3, -1, -3, -2, -3, 6]
[1, -3, -9, -4, -5, -1, 0, 3]
[6, -1, 5, -3, -7, 0, -6, -16]
[-14, -12, -6, 0, -2, 0, -1, -3]
[0, 7, 3, 2, 1, -2, -8, 4]
[-3, -6, 1, 0, -1, 4, 10, -2]
[-5, -3, -5, -1, -1, 2, -1, 0]
[13, -15, -9, -7, -11, -9, -13, -49]
[13, -5, -2, 3, 2, 0, 2, -8]
[-3, 8, 3, 0, -4, -5, 19, 20]
[-8, 1, 2, 5, 8, 18, 35, 14]
[-13, 4, -2, -2, -5, -3, -9, 18]
[2, -5, -5, 0, 3, 3, -12, -8]
[18, 2, 4, -2, -2, -7, 1, -5]
[5, 8, -4, 0, -1, -7, -23, 8]
[-11, -6, -4, 2, -2, -1, 6, 2]
[-8, -4, 11, -1, 0, 2, 9, 2]
[1, 1, 6, 0, -2, 3, -9, -15]
[-1, -3, -10, -6, -6, -7, -9, -2]
[-3, 10, -1, -1, -3, -3, -1, 3]
[-2, -15, -9, -3, -3, 3, 3, -17]
[2, -9, -6, 1, 0, 2, 0, -17]
[1, 1, -2, -3, -5, -5, -2, 4]
[2, -7, 8, 1, -1, -1, 0, -10]
[-3, 28, 10, 5, 5, 2, 14, 47]
[-3, -9, -4, -4, -1, 1, -7, -11]
[0, -2, -4, 0, 0, 1, -11, 2]
[0, 22, 6, 5, 4, 5, 31, 12]
[2, -14, -5, -3, -4, -8, -26, -1]
[-4, 9, -11, -3, 0, 11, 37, -3]
[20, -4, 9, 6, 5, -1, -15, -11]
[-12, -8, 4, -2, 0, -4, -10, 15]
[-6, 2, -9, -2, -4, 1, 9, -17]
[5, 9, 7, 3, 1, -1, -11, 1]
[-17, -14, -8, -5, -6, -2, -2, -29]
[14, -10, -10, -3, -2, 5, 10, 15]
[5, 3, 9, 1, -1, -4, 0, -17]
[-9, -8, -4, -2, -4, -5, -13, 0]
[-2, 2, -1, -2, -5, -3, 6, 5]
[1, -6, -1, -2, 0, -2, -16, -6]
[-18, -1, -13, -2, -2, -3, 1, 7]
[14, 5, 7, 1, 0, -3, -3, 9]
[6, -5, -2, 1, -1, -1, -2, -7]
[-11, 6, -1, 0, 0, 0, 15, 3]
[-2, -16, -5, -2, -1, 0, -4, -16]
[-10, 14, 4, 1, 2, -1, -5, 0]
[-5, 27, 1, 3, 3, 0, 11, 7]
[4, -9, -11, -4, -2, -2, -21, -6]
[-9, 4, 6, 2, -5, 5, 24, 6]
[2, 15, 1, -3, -4, -8, -17, 8]
[-9, -8, -3, 0, 0, 6, -9, 4]
[13, 7, 1, -3, -3, -5, 1, -1]
[-5, -7, -7, -2, 0, 1, -19, 8]
[3, -10, -2, 0, 3, -4, 4, -5]
[0, 2, -2, 0, 0, -3, -1, 8]
[-9, 14, 2, 3, 2, 2, 3, -7]
[9, -4, 0, -1, 1, 6, 0, -1]
[-16, -10, -4, -1, -3, -3, -5, 1]
[10, 5, 10, -3, -1, 0, 0, -1]
[-6, -8, -3, 4, 2, 2, 6, -6]
[25, 7, 2, -4, -2, -4, -3, -6]
[-7, -2, 1, 4, -3, 5, -2, -2]
[-5, -17, -11, -5, -4, -5, -4, -12]
[-19, -10, 5, -4, -4, -11, 2, -6]
[30, 11, -7, 3, 1, 4, -1, 8]
[25, -5, -1, 5, 4, 8, -14, 25]
[-7, -6, 6, -2, 1, -2, 14, 3]
[-24, -25, -16, -3, -7, -5, -16, -45]
[-66, -16, -9, -4, 0, -7, -4, -30]
[53, 31, 25, -7, 8, 1, 9, 12]
[43, 17, -32, 4, -17, -3, -13, 47]
[-39, -6, 25, 1, 9, 8, 40, 1]
[-100, -29, -12, 16, -3, -7, -10, -25]
[-21, -44, -17, -11, -1, -4, -8, -59]
[80, 56, 20, 13, 4, 7, 14, 66]
[62, 60, 8, -7, -2, 7, -2, 40]
[-77, -35, 4, -5, -7, -3, -18, -19]
[37, -10, 8, 11, 15, 7, 8, -5]
[-76, -24, 0, -13, -12, -18, -7, -16]
[-92, -61, -33, -4, -10, -19, -8, -79]
[110, 91, 40, 16, 34, 40, 10, 56]
[52, 42, 19, 8, 1, 7, 19, 83]
[-94, -43, 5, -11, -3, -4, -10, -74]
[71, 2, -29, 0, 5, 5, -3, 17]
[-41, -50, -4, -5, -13, -32, -6, -43]
[87, 70, -20, -1, -15, 11, -8, 81]
[-60, -4, 5, -6, -3, -17, 2, -48]
[50, 43, 24, -10, -13, 9, 22, -55]
[-90, -84, -58, -22, 7, 16, 11, -91]
[-79, -49, -33, 30, -15, -39, -7, -39]
[22, 24, 28, -24, -3, 16, 14, 4]
[57, -30, -17, 11, 9, -4, -46, 40]
[-123, 28, 42, 8, 4, 38, 95, 58]
[-87, -18, -27, -26, -30, -40, -58, -43]
[-70, -63, -56, -3, 29, 26, -7, -50]
[-41, 80, 84, 46, 22, 17, -2, 69]
[-17, -18, -23, -12, -19, -46, -39, 64]
[-28, 3, 15, -2, 3, 29, -9, -25]
[40, 15, -1, 3, -12, -41, -23, -18]
[8, -40, -31, -47, -3, 51, -7, -35]
[-48, -29, -29, 7, -21, -26, -48, -49]
[-96, -54, -22, -22, -8, -9, -4, -51]
[29, 5, -9, 22, -2, -20, 18, 71]
[26, 20, 10, 0, -5, 11, -32, 53]
[61, 48, 11, 5, 12, 17, 29, 20]
[-28, -43, -10, -22, -14, -19, -20, -60]
[27, -78, -55, -6, -11, -7, -7, -9]
[19, 66, 35, 8, -6, -31, 30, 52]
[19, -12, -15, -8, -13, -5, -34, 3]
[8, 21, 19, 10, 6, 2, 6, 21]
[8, -12, 10, 0, 3, 16, 6, -27]
[-57, -60, -23, 1, -10, -24, -10, -7]
[-3, 30, 21, 2, 14, 16, 50, -11]
[1, -17, -11, -8, 2, 3, -12, 17]
[7, 22, 1, 6, 0, 15, 4, 29]
[-57, -40, -8, 4, 13, 19, 31, -15]
[23, 24, 16, 0, -14, -14, -13, 4]
[-26, 41, 12, 16, 6, -2, -15, 18]
[3, 20, 17, 8, 12, 13, 10, 25]
[5, 17, -14, -5, -10, -32, -24, -17]
[1, -41, -3, -9, -7, -12, -6, 3]
[3, 4, 13, -3, 9, 9, -13, 28]
[7, 37, -5, 4, 5, 18, 55, 27]
[-10, 4, 17, -3, -2, 9, 5, -13]
[-51, -43, -17, 8, -3, -27, 15, -5]
[24, 9, 0, 9, -2, -14, 20, 36]
[-15, 14, 22, -11, -11, -10, -21, -8]
[-17, -16, 1, 22, 14, -3, -17, 50]
[19, 10, -1, -19, -22, 3, -66, 19]
[-15, 1, 1, 1, 6, -16, -3, -61]
[4, -19, 3, 0, 14, 58, 112, 3]
[-1, -21, -33, -14, -19, -29, -39, -12]
[0, 43, 15, 8, 12, -6, -55, -6]
[-8, -1, 11, 5, 2, -1, 7, -18]
[7, 42, 26, 9, 11, -38, -82, -14]
[10, -21, -5, -5, 10, 104, 67, 33]
[12, -5, -19, -7, -12, -35, -89, -3]
[-4, 2, 8, 0, 10, -12, 5, 20]
[-14, -15, 4, -1, -15, 8, -48, 5]
[21, -3, -14, -4, -12, -59, -81, -31]
[19, 10, 4, 0, 8, 32, 35, 18]
[1, -5, -9, -10, -13, 10, 27, 18]
[-15, -3, -9, 3, -9, -30, -44, -6]
[-2, -17, -18, -15, -18, -24, 1, -10]
[-15, 18, 12, 7, 16, 14, 2, -4]
[3, 2, 0, 5, 8, 3, -18, 7]
[11, -29, 3, -3, 1, 23, -11, 6]
[-26, 7, 11, 13, 14, 3, 36, -13]
[18, -10, -6, 8, 2, 8, 33, 28]
[4, -12, -1, -2, -11, 2, -32, -3]
[1, 22, 4, 2, 9, 13, 31, -1]
[5, -1, -2, -7, -6, -13, -1, -36]
[-33, -7, 7, 1, -3, -10, -1, 0]
[16, -11, -13, 3, 10, 18, 24, -11]
[18, 17, 6, -3, -11, 0, -11, -2]
[-6, -6, -4, -2, -5, -20, -3, -24]
[4, 26, 4, 1, 0, 7, 13, 20]
[-5, -11, -5, -1, 5, 14, 12, -32]
[-8, -11, -6, -4, -8, -20, 0, -18]
[-11, 7, -4, -1, -5, -4, -1, 27]
[-4, -5, -2, -3, -4, 6, -12, -22]
[13, 6, 8, -4, -3, -5, 35, 15]
[-4, -4, -2, 3, 2, 6, 21, 21]
[1, 5, -4, -1, -2, -10, -27, -13]
[-8, -20, -8, -6, -9, -4, 28, -16]
[5, 15, -2, 0, -2, 2, -11, -1]
[0, 4, 2, 2, -1, -14, -16, -12]
[-5, 16, 5, -4, 3, 8, 12, -5]
[11, 3, 0, -2, 4, -2, 17, 5]
[-4, -13, 1, -1, 4, 12, -11, -8]
[-11, 2, -8, -1, -3, 1, 9, 18]
[-15, -4, 7, -5, -7, -3, -20, 17]
[16, -9, -7, -1, 9, 12, -1, 9]
[11, 11, 6, 14, 1, 6, 33, -3]
[3, -7, 12, -1, -1, -7, -14, 2]
[2, -7, -3, -1, -1, -9, 12, 23]
[-10, 5, 8, 1, 1, -6, 0, -14]
[-6, 1, -11, -5, 1, -8, -11, 0]
[-12, -7, -1, 1, 2, 13, 4, 3]
[2, -9, -9, -4, -3, 6, 25, -45]
[16, 17, 1, 1, 5, 0, -6, 15]
[7, 1, 4, -2, -3, -3, -23, -7]
[-7, 4, -1, 2, 1, -7, 5, -8]
[7, -10, -2, 0, 0, 3, 11, 7]
[-14, -10, -7, -5, -14, -9, -17, -23]
[-6, -8, -6, -6, -5, -3, 9, -5]
[5, -2, 8, -2, 0, 1, -22, 3]
[2, -8, -5, 0, 1, 12, 34, 1]
[8, 6, 5, -4, -6, -15, -12, 13]
[-4, -8, -11, -3, -4, -11, -11, 8]
[-11, -1, -11, -5, -5, -6, -14, -11]
[-1, 9, 22, 4, 2, 1, 10, -8]
[13, -1, -18, 6, -4, 6, 4, -6]
[-17, -9, 10, 0, -7, -5, 6, 0]
[6, 23, -2, -1, 6, -1, -9, 10]
[2, -7, -16, -1, -6, -3, -7, 7]
[1, 16, 18, -8, -1, -1, 12, -13]
[1, 7, -11, 0, 2, 9, 7, 28]
[1, 12, 7, 7, 4, 1, 5, -26]
[5, 16, 14, 5, 5, -1, -8, 26]
[-20, -10, 0, 0, 4, 3, -9, -10]
[-14, 8, -4, 5, 4, 7, 9, 9]
[6, -13, -5, -8, -8, -10, -3, 14]
[11, 2, 3, 4, 5, -2, 3, 0]
[6, 2, -5, 1, 4, 7, -5, 9]
[-6, -6, 5, -3, -6, -5, -6, -1]
[2, -6, -2, -2, -2, -5, -4, 1]
[0, 9, -6, 2, -4, 2, 1, -1]
[-4, -12, -6, -4, -7, -8, -14, -5]
[1, -2, 6, -5, 2, 18, 8, -5]
[8, -14, -19, -9, -10, -17, -22, -5]
[-11, -12, -10, 6, -3, -12, -33, -5]
[-12, 3, 0, -11, 2, 1, 26, -1]
[8, 11, -34, 6, -4, -4, -9, 22]
[-3, -13, 3, 15, -1, 1, 10, 8]
[3, 4, 1, -4, 1, 1, 5, -1]
[-3, -22, 3, 4, -3, -4, -5, -6]
[1, 34, 16, -5, 2, 5, 12, -15]
[11, 10, 2, -3, 3, 2, 10, 27]
[-10, -14, 7, 4, 9, 5, 4, 5]
[0, -1, -4, -1, 2, 5, 6, -17]
[6, -44, -5, -6, -9, -17, -29, -19]
[0, 13, -2, 9, 6, 12, 36, 5]
[-1, 5, -4, -7, -7, -9, -30, -9]
[-1, -5, -1, -4, -12, -15, -1, 2]
[-1, 7, 12, 8, 13, 26, 77, 9]
[2, -9, -5, -4, -1, 3, -19, -9]
[-8, 0, -8, -2, -3, -13, -6, -8]
[1, 3, -3, 1, -3, 7, 6, 5]
[1, -8, -2, -3, -3, -13, -26, -2]
[-7, -4, 2, -5, -4, -5, -7, -5]
[-1, 0, -3, -8, -5, 4, 4, 0]
[11, 5, 6, 9, -1, 1, -6, 10]
[-2, -7, 6, -8, -3, -3, -4, -4]
[-13, -16, 0, 1, -2, 3, -4, -8]
[22, 8, -19, 2, -1, -2, -12, -6]
[-10, 3, -6, 8, 1, -2, 1, -1]
[-6, -6, 21, 0, -1, 1, -2, 14]
[0, 10, -11, -12, -4, -7, 1, -1]
[-13, -4, 13, 7, 3, 6, 6, -3]
[5, -4, 1, -3, 1, 0, 8, 9]
[2, -11, -26, -2, -7, -13, -33, -8]
[-1, 2, 11, 4, 7, 15, 27, 28]
[-12, 5, 0, 2, 0, 6, 23, 26]
[11, 7, -1, -1, 2, -4, 4, -18]
[-2, -4, 1, -2, -3, 11, 38, -8]
[8, 1, 2, 3, 1, -9, -10, 9]
[0, 1, 1, -5, -3, 1, -1, -10]
[-7, -10, 0, 1, -5, -17, -54, -1]
[-7, 11, 4, -1, 2, 23, 71, 7]
[16, -10, -5, -1, -4, -5, -11, -13]
[5, -8, 2, -6, -6, -2, 0, 1]
[11, 1, 7, -2, 3, 0, -8, -8]
[0, -10, 1, 1, -7, -11, -35, -20]
[-10, 7, -10, -1, -5, 1, 1, -18]
[5, -1, 8, 3, -3, -3, -9, 5]
[-14, -2, -8, -9, -3, 4, 10, 6]
[3, 1, -2, -5, -6, -6, -12, -3]
[2, -16, 4, 6, -3, -3, -4, 6]
[-13, -1, -4, -3, -5, -5, -8, -11]
[10, 3, 19, 5, 2, 2, 4, -2]
[2, 3, -13, -4, 3, -1, -8, 9]
[-9, 5, 0, -3, -4, -4, -18, 3]
[-2, -3, -3, 1, 3, -6, 14, -3]
[-6, -4, -9, -2, -4, 1, 4, 13]
[3, -4, 1, -1, -12, -11, -49, -20]
[2, -10, -5, -9, -5, -4, -4, -11]
[7, -8, -2, -2, -2, -3, -11, -2]
[-2, 10, -15, -2, -3, 8, 28, 8]
[4, -17, -3, 1, 1, -12, -28, 10]
[6, 22, 12, 6, 4, -1, -10, -6]
[-4, -15, -11, -4, -6, -6, -8, -11]
[9, 7, 0, 0, 2, 1, 0, 1]
[6, 14, 3, -1, 3, 5, 8, 8]
[-9, -10, 14, 3, 5, 7, 10, 6]
[13, 12, -15, -2, 4, 2, 1, -12]
[3, -8, 7, 6, -3, 1, 0, -9]
[-8, -7, -3, 0, -1, -4, 5, 1]
[11, 7, 5, -3, -1, 1, 4, 5]
[2, 0, 2, -1, 0, 0, -6, -12]
[-6, -5, -5, -2, -6, 1, 5, -1]
[0, -1, -2, -2, -2, -5, -6, 0]
[-6, 2, -13, -4, -1, -4, 1, -18]
[-3, 8, 10, 1, 4, 7, 17, 3]
[-11, -5, -12, -4, -5, 3, 2, 17]
[5, -14, -2, 3, 5, 1, 2, 6]
[3, -1, -9, -6, -12, -9, -13, -32]
[4, -3, 5, -1, -5, -5, -8, -17]
[-3, -2, 5, 2, 1, -1, -2, 0]
[-9, 12, -4, -2, 2, -4, 2, 2]
[3, -19, -11, 0, 1, 9, -4, -1]
[3, 1, -2, -1, -4, -6, -26, 5]
[-4, 10, 8, -1, 2, 10, 53, 2]
[3, -12, -4, -1, -2, 0, -1, 4]
[-7, 12, 6, 2, 2, -5, 2, 5]
[5, 8, 12, -1, 1, 1, -18, 3]
[10, -5, 5, 2, 4, 9, 4, 2]
[2, -8, 8, 4, 0, 1, 2, 1]
[1, 7, -8, -1, -7, -5, 2, -11]
[-9, -3, -6, -4, -3, -3, 2, -7]
[4, 12, 2, -2, 0, -9, -17, -4]
[1, 11, 4, 3, 2, 6, 13, 0]
[-1, -15, -2, -2, 1, 0, -6, 5]
[-10, -3, -2, 1, -2, -3, -6, 6]
[-11, 1, -6, -4, 1, 4, 22, 14]
[-6, 0, -2, 0, -9, -10, -18, -10]
[-6, -3, -4, 2, 2, 9, 8, -4]
[12, -3, -2, -3, -1, 8, 18, 4]
[6, -6, -4, -2, -3, -10, -18, -3]
[-5, 6, 0, -3, 0, 2, -5, -6]
[-5, -3, 2, 1, -1, -3, 11, -3]
[-9, -8, -8, 1, -1, 6, 19, 5]
[1, -3, -7, -1, -2, -9, -23, -2]
[6, -1, 3, -3, -3, 6, 5, -5]
[-3, -1, -23, 0, -2, -4, -8, 0]
[-9, -13, 4, 6, 5, 7, 6, 6]
[2, 24, 23, 0, -1, 2, 17, -1]
[8, -24, -24, -3, -7, -9, -12, -17]
[-9, -3, 11, 2, 0, -2, -2, 5]
[2, -2, 4, -2, -3, -8, -8, 3]
[3, -16, -13, -1, -3, -2, -11, 0]
[-3, 8, 10, -3, -2, -2, 0, 6]
[2, -5, -2, -5, -4, 1, 3, 5]
[-3, 5, 0, 1, 2, 0, -1, -5]
[-1, 10, 4, 1, 2, 4, 3, 2]
[1, 20, 5, 3, 1, 1, 6, 2]
[20, -19, -4, -1, -1, -9, -11, -11]
[-2, 5, 4, 0, -2, 0, -1, 5]
[-6, -6, 10, -1, -6, -3, -6, -6]
[-2, -3, 4, -1, -3, -6, -13, -5]
[0, 21, -11, 1, 1, 16, 40, 12]
[3, -11, -8, 1, -3, -5, -10, 4]
[-1, -9, 4, -3, 3, 0, -8, -6]
[-3, 23, -4, 5, 2, -3, 21, 4]
[-6, -17, 5, 1, -3, -1, -19, 1]
[0, -2, -3, -7, -5, -2, 11, -19]
[-1, -10, -11, 4, 1, 0, 4, 2]
[0, -9, 2, 1, 0, 2, -8, -9]
[-2, 5, 0, -2, -3, -5, -4, -18]
[5, 1, -6, -1, -5, -3, -4, 7]
[-7, -13, -5, 0, -4, -10, -11, -6]
[-8, -5, -4, -8, -2, 4, -2, 1]
[15, -8, -1, -1, -1, -4, 0, 13]
[4, 11, 2, -1, -8, -6, -13, 7]
[-7, 0, 9, -7, -3, -2, -14, -7]
[-2, 9, -19, 3, -2, 3, 13, 4]
[3, -7, 4, 4, -3, -4, -13, 4]
[2, -11, 1, 1, 5, 2, 4, 7]
[5, 1, -12, -1, -2, 1, 3, 6]
[13, 15, 5, 0, 1, 0, -10, -28]
[-8, -13, 2, -3, -1, -4, 3, -2]
[4, 13, 2, 4, 4, 8, 23, 6]
[-1, -2, -1, -6, -4, -3, -10, -6]
[-2, -8, -4, -1, -2, -7, -37, 0]
[2, 10, 3, 2, 1, 9, 53, 4]
[-8, -2, 4, 0, -1, -1, -6, -7]
[3, -3, -10, 0, 1, -3, 2, 8]
[3, 10, 6, -1, 0, 4, -1, 8]
[-5, -2, -1, 0, -1, -7, -19, -2]
[-9, -10, -7, -5, -4, -5, 0, -2]
[2, 2, -1, 4, 3, 8, 19, 12]
[-3, -16, -1, 2, -3, -9, -3, 2]
[-4, 10, 9, -10, 0, 1, -10, -5]
[6, -11, -14, 3, 5, 12, 30, 13]
[-1, 4, -4, -5, -3, -5, -5, 0]
[4, -24, 13, -2, 0, 3, 12, 10]
[-5, -11, -11, 2, -2, -6, -9, 22]
[-6, 12, 13, 0, -1, -6, -10, -7]
[-4, -8, 0, 5, 0, -2, -17, -7]
[-5, 7, -9, -4, -3, 5, 31, 5]
[-8, -6, -1, -4, -5, -4, -22, 16]
[1, 16, 9, 0, 0, -2, -11, 1]
[-3, -18, -8, 1, -4, 0, 12, -9]
[-7, 0, 2, 1, 2, 1, -1, 8]
[5, 0, 0, -1, 0, -3, -3, -1]
[3, -10, -6, 0, 1, 7, 14, -20]
[-5, 6, -2, 0, -4, -4, -12, -5]
[0, -11, -6, 0, -1, -2, 1, 9]
[5, 8, -4, 0, 2, 3, 7, -9]
[1, -7, -4, 1, -1, -3, -2, 4]
[5, -6, -5, -4, -7, -4, -16, -2]
[-1, -12, -2, 0, 0, 5, 15, -9]
[-1, -14, 0, -4, -5, -5, -6, -12]
[-7, -1, -10, -7, -2, -5, -16, -4]
[0, 2, 8, -2, 4, 2, 6, 6]
[20, -7, -6, 4, -4, -8, -8, -4]
[1, 15, -17, 6, 1, 0, -10, 3]
[-6, 15, 11, 3, -1, 0, 2, 2]
[8, 11, -7, -7, -5, -1, -9, 0]
[6, -10, 10, 2, 2, 0, -3, 3]
[5, -1, -2, -6, -3, 3, 7, -6]
[7, -17, -9, -4, -8, -6, -14, -9]
[-7, -4, -3, 0, -2, -4, 1, -8]
[-9, 24, 3, -3, -2, 0, -17, -13]
[1, -6, 1, 2, 1, -9, -5, -9]
[-4, 1, 5, 4, 4, 11, 24, 12]
[0, -6, 1, 2, 2, 5, 35, -3]
[-3, 8, -5, 0, -1, 3, -10, 4]
[-2, -3, 7, -1, 1, -1, 4, -2]
[2, -4, -4, -1, 0, 0, -11, 8]
[-5, 3, 1, 5, 3, 9, -1, 2]
[-4, -16, -8, -3, -4, -6, 5, 2]
[-3, 12, 6, 2, 2, 0, -6, 15]
[1, -1, 2, -11, -4, -9, -10, 4]
[3, -8, 6, 8, -1, 1, 6, -4]
[-6, 0, -18, 2, -2, -1, -10, -8]
[22, -8, 1, -7, -9, -6, -3, -11]
[-12, -8, -16, -1, -6, -10, 1, 13]
[-3, -12, 14, 1, 2, -6, 2, 1]
[-35, 1, -6, -4, 15, 39, 9, 49]
[2, 16, 1, -2, -12, -11, 8, -32]
[-5, -41, -57, -23, 12, 8, -15, -34]
[39, 30, 9, 11, 5, 32, 11, -1]
[1, -4, -30, -38, -22, -65, -32, -56]
[-24, -11, -22, -17, -28, -25, -16, -48]
[55, 44, 50, 30, 52, 95, 49, 85]
[-30, -42, -44, -18, -12, -23, -6, -68]
[19, -45, -3, -32, -11, -19, -23, -90]
[-8, 26, 6, 1, 19, -14, 19, 41]
[-17, 0, 9, 3, -11, 7, 63, -11]
[13, -31, -25, -17, -11, -9, -55, 5]
[-7, 24, 25, 67, 6, 5, 29, 52]
[-5, -7, 15, 14, 6, -17, -55, 10]
[-8, 50, 71, 18, -5, -14, -20, -9]
[-2, 21, 19, -11, -8, 2, 70, -37]
[10, -35, -22, -17, -25, -51, -6, -20]
[-11, -19, -21, 3, -5, 49, 0, -16]
[19, -31, -40, -5, 4, 31, -52, 0]
[12, 34, -7, 5, 0, -24, -39, 46]
[-1, 9, 10, 7, 13, 34, 72, 17]
[-7, 25, 24, 9, 11, 0, 41, 21]
[-13, 2, 16, -3, -4, -32, -12, 34]
[-34, 15, 7, 6, 8, -10, 14, -7]
[25, -40, -25, -10, -8, 11, -57, -25]
[-3, -14, 1, -22, -8, -11, 21, 18]
[16, 2, -15, 16, -10, -23, -19, 5]
[25, 22, 38, 8, -9, -9, -38, -17]
[0, 29, 14, -5, -1, -2, -8, 44]
[9, -68, -35, -26, -14, 13, -12, -11]
[-1, 8, -34, 12, -7, -33, -15, -21]
[11, -5, 15, 3, -1, 6, -3, 21]
[-9, 72, 13, 6, 2, 3, -9, -30]
[17, 28, 22, -5, 15, 5, -5, 7]
[-4, -47, -2, -15, -12, -18, -7, -11]
[-9, 14, 10, 30, 14, -3, 4, 16]
[-1, -6, 41, -2, 3, 12, 2, 3]
[-15, 10, -14, 19, 7, 25, 5, 25]
[-10, 4, 8, -10, -4, -20, -18, -33]
[-15, 1, 4, 0, 13, 13, 16, -5]
[5, -39, -37, -16, -5, 9, 6, 35]
[18, 62, 59, 38, 17, 21, 55, 18]
[-17, -12, 0, 1, -7, 8, 3, 9]
[-11, -2, -27, -19, -19, -30, -38, -6]
[-18, 27, 9, 3, 6, 4, 69, 2]
[5, -27, -26, -9, -8, -12, -30, -12]
[-13, 10, -3, 1, 1, 3, 55, 14]
[-5, -6, 2, -5, -2, -8, -4, 9]
[-13, -8, 4, 10, 12, 21, -23, -11]
[22, -10, -4, 2, -5, -25, 2, 11]
[-21, -7, 4, -3, 12, 52, -11, -24]
[5, -22, -20, -5, 1, 0, 1, -2]
[16, -3, 3, 5, -9, -13, -10, 13]
[7, -7, -15, -8, -9, -29, -24, -40]
[3, 17, -1, -9, -12, -1, -3, 9]
[0, -16, -12, 0, -4, 12, 2, 6]
[-15, -12, -11, 2, -4, -6, -27, -7]
[-7, -3, 1, 0, 0, 7, 10, 4]
[12, -15, -12, -8, -14, -23, -6, -7]
[-9, -16, -10, -5, -11, -10, -9, 10]
[5, -4, 0, 0, -3, 2, 21, -2]
[0, -7, -23, -6, 0, 24, 29, 3]
[-1, -1, -1, -2, -12, -27, -30, 5]
[-2, -20, 4, 4, 9, 18, 35, -6]
[0, 40, 9, 3, 7, -5, 9, 1]
[-16, 9, 26, 7, 13, 16, 10, -8]
[-1, -7, -6, 3, 4, -10, -6, -2]
[-3, 32, 14, 2, 4, 2, -3, 25]
[-1, 1, 7, 8, 15, 12, 35, 22]
[-3, -11, -16, -8, -9, -4, -32, -17]
[4, -5, 0, -2, -8, -9, 5, -14]
[9, -20, -17, -9, -15, -12, -25, -1]
[1, -21, 1, -7, -8, -5, 12, 0]
[-10, -22, -32, -6, -16, -14, -36, -52]
[25, -3, 8, 1, -1, 1, 2, -17]
[5, 9, -18, 2, 3, 17, 16, 7]
[-5, -9, -14, -5, -2, 0, -16, 12]
[1, -14, 28, 4, -1, -7, -4, -9]
[7, 14, -2, 0, 2, -3, -6, 0]
[-9, 18, 7, 4, 1, 3, 5, -11]
[3, -3, -10, -7, -4, -1, -22, -3]
[-7, -25, -17, -12, -4, -4, 4, -5]
[3, 12, 11, 12, 3, -7, -13, -4]
[0, -5, -2, -3, -3, 6, 10, 12]
[-5, -23, 4, 1, -2, -5, -18, 1]
[-11, 42, 14, 5, 4, 0, 1, 10]
[-2, 4, -2, 0, 7, 19, 43, 8]
[0, -8, 0, -2, 2, -5, -20, -5]
[-3, -3, -5, 0, -7, -7, -20, -3]
[-1, 2, 5, 6, 5, 1, 5, 24]
[-5, -2, -6, -6, -4, -14, -21, -3]
[-6, -2, -2, 0, -2, -2, 2, 1]
[1, 1, -1, -1, -2, 1, -20, 3]
[7, -1, -1, 1, 0, 0, 17, 2]
[-3, -1, -8, -5, -10, -5, -17, 1]
[0, -14, 2, -3, -3, -3, 8, 3]
[7, 5, -2, 1, -4, -2, -14, -6]
[-4, 2, -10, -2, 0, 2, -4, 1]
[-2, -10, -4, -3, -4, -9, 3, 4]
[-2, 6, -8, -6, 2, 3, -16, -21]
[10, 5, 37, 11, 11, 12, 20, 4]
[0, 14, -12, 0, -6, -1, -10, 5]
[-12, 6, 11, 5, 10, 1, -2, 23]
[14, 9, 2, -2, 0, -1, 8, 18]
[-3, 11, -16, -3, -5, -10, -9, -10]
[5, -25, -6, -2, -4, 0, 3, 8]
[-3, 14, -4, -5, -5, -2, -9, -9]
[-4, -10, 0, 1, -1, -1, -5, -5]
[-3, -2, -7, -4, -3, -4, 8, -11]
[-10, 9, 13, 4, 1, -29, -44, 6]
[3, -36, -17, -3, 2, 43, 71, -34]
[34, 38, 12, 8, 13, 10, -23, 11]
[-9, -11, -5, -2, -2, 3, 4, 2]
[-8, -11, 1, -3, -5, -15, -20, -8]
[-10, 4, 3, -1, -5, -17, -16, -1]
[-10, -15, -7, -2, -2, 1, 19, 1]
[6, -12, -8, -5, -6, -7, -11, -6]
[4, 9, 5, 0, -2, 4, 3, 3]
[1, -13, -7, -3, -2, -9, -10, -1]
[-3, -9, -2, -1, -5, 4, 6, -3]
[2, 8, 3, 1, 5, -3, -2, 11]
[-2, -15, -9, -2, 1, 6, 12, 0]
[-1, 16, 7, -1, 6, -4, -12, 6]
[-4, 1, 11, 3, -7, -11, 18, 0]
[9, 9, -1, -2, 1, 16, 6, -1]
[2, -11, 18, 5, 7, 17, 43, 2]
[2, 13, 0, -4, -3, -7, -12, -2]
[-14, -15, -13, -2, -4, -9, -18, -7]
[-1, -2, -3, 1, 2, -4, 6, -2]
[3, -10, -10, -4, -5, -1, -4, 1]
[-4, -4, 0, -1, 0, -15, -11, -6]
[-4, -6, 1, -2, -8, -1, -19, -4]
[0, -4, -8, -3, -8, -2, 19, 15]
[4, 4, -1, 1, 4, 6, -22, -1]
[-14, -9, 5, 0, -1, 5, 28, 2]
[10, 0, -12, -3, -1, -7, -10, -2]
[6, -10, -2, -2, -4, -2, -13, -20]
[-5, 0, -4, -2, -2, -3, 5, -3]
[7, 19, 3, 2, 1, -3, -12, 6]
[1, 4, 3, 1, 6, 4, 3, 3]
[-7, -1, 3, 0, 0, -6, 6, 16]
[0, 17, 8, 0, 0, -1, 1, 0]
[-2, -12, -1, 3, 0, 5, 1, 3]
[-4, -2, -2, -2, 0, -1, 5, -1]
[-2, -9, 4, 4, 0, -2, -4, 21]
[8, 40, -3, -1, -2, -2, -6, 15]
[0, -36, -20, -9, -10, -7, -24, -12]
[1, 33, -14, -1, 2, -3, 21, 16]
[-1, -13, 19, 4, -3, 6, 10, -24]
[15, -9, 0, 3, 2, 2, 2, 14]
[8, 10, -7, 1, -1, 0, 15, -1]
[-7, -24, -1, -2, -1, -4, -9, -1]
[-4, 11, -9, -2, 1, -2, -7, -3]
[-7, 3, -2, -1, -4, -5, 0, -6]
[2, -12, 0, 0, -2, -3, 0, 0]
[0, -16, -1, -2, -5, 2, -8, -6]
[-10, 8, -3, -1, 1, 0, 3, 19]
[-3, -16, 0, -2, -2, 3, 1, -5]
[-3, 19, 1, -3, -1, -4, -1, 3]
[5, -7, 6, 1, 3, 6, -6, -4]
[1, 3, -5, 0, -3, -5, -11, -5]
[-1, -18, -16, -6, -10, -10, -4, -4]
[-3, -4, 12, 2, 5, 1, -3, 5]
[-5, -14, 2, -2, -5, 2, 15, -9]
[26, 8, -5, 1, 0, -2, -4, 5]
[3, -12, -3, 0, -1, -3, -15, -6]
[-3, 10, -2, 1, -2, 0, -2, -1]
[-6, -16, 9, -2, -3, -4, -16, -5]
[-6, -8, -3, -3, 0, 1, -1, -6]
[4, -11, -10, -4, -4, -2, 7, -21]
[1, 5, -4, -1, -6, -5, -6, 17]
[-3, -7, 1, 2, 4, -2, 0, -1]
[4, 18, 6, -1, 1, 8, 19, -24]
[-4, -3, 5, -3, -1, -1, -2, -1]
[-5, -2, -3, 2, 0, 1, 3, 2]
[13, -2, -3, -5, -6, -4, -4, -18]
[-7, 0, -4, 1, -4, -6, -4, -14]
[15, -10, 5, 0, -1, -2, -13, 6]
[-8, -10, 0, -5, -3, 1, 5, -15]
[2, -2, -10, 0, -2, 0, 14, 8]
[-11, 0, -2, -4, -1, -3, -11, 0]
[-6, 14, -4, 0, -2, 0, 5, 5]
[9, -26, -3, 1, -2, -1, -14, -9]
[-5, 8, 4, 2, 4, 5, -5, 5]
[0, 1, 5, 1, -1, -6, -5, 5]
[0, 2, 1, 3, 4, 8, 17, 16]
[-1, 4, 0, -2, -6, -6, -7, -2]
[-6, 4, -2, -1, -5, 6, 5, 7]
[4, -8, -4, -1, 1, 0, -15, 9]
[-1, 8, 8, 2, -1, -3, -9, -8]
[-1, -8, -1, -2, -2, -3, 2, 0]
[-2, -3, -6, -2, -4, -5, -1, -19]
[-4, -5, -2, 0, 0, -1, -5, 16]
[-1, -2, -5, -2, -4, 0, 6, -5]
[1, -1, 2, -2, -3, 1, -6, -3]
[7, -2, -6, -2, -3, -8, -18, 5]
[-8, -2, 1, -2, 0, 2, 22, 0]
[4, 7, -6, -4, -4, -3, -7, -3]
[-1, -4, -6, -3, -2, 0, -2, -6]
[-3, -2, 11, 0, -1, 1, 1, -17]
[10, -10, -8, 2, -5, -6, -7, -6]
[-8, 8, 3, 0, -2, 0, -4, 9]
[6, 10, -9, 2, 3, 0, 2, -6]
[0, 2, 8, 0, 1, 9, 8, 20]
[0, 8, -8, -1, -1, -2, -4, -20]
[0, 12, 7, -1, -5, -5, -5, -2]
[-5, -2, 2, 0, 0, -5, -9, -1]
[1, -5, -5, -1, 1, 4, 17, 8]
[1, 13, -6, -6, -3, 1, -3, -3]
[7, -14, 3, 3, -1, -1, -1, -3]
[5, 11, 10, -3, -3, 0, -23, -3]
[-2, -22, -20, 0, -9, -8, -3, 6]
[-5, -7, -4, 2, 0, 1, -3, 10]
[4, -12, -8, -9, 0, 1, -3, -22]
[-3, -8, 10, 7, -3, -3, -2, 4]
[-3, 5, -2, -7, 1, 2, 3, 1]
[-2, -6, 10, 0, -4, -3, -2, -2]
[-11, -24, -2, -19, -6, 3, 4, 8]
[6, -6, -39, 14, -1, -3, -5, -4]
[-2, -11, 9, 5, -1, -5, 6, 1]
[-7, 1, 6, -6, -4, -1, 17, -3]
[1, 6, -13, 3, 3, -1, -2, 1]
[-5, -1, 20, -2, -4, -3, 9, 11]
[-5, -5, 1, -1, 3, -1, -16, 3]
[9, 1, -14, 1, -8, -12, -25, -15]
[-1, -11, -7, -3, -2, 3, 21, -7]
[0, 4, -4, 4, 0, 3, 15, 6]
[5, 10, 0, 3, 1, -5, 3, -2]
[-10, -6, 13, -3, 2, -3, -16, -8]
[-4, 18, 12, 7, 6, 3, 4, 48]
[0, 4, -11, -5, 5, 13, 28, 7]
[-1, 13, 14, 7, 0, -3, -6, -6]
[0, -14, -20, 4, 2, 6, 5, 8]
[1, 4, 0, 12, -1, -5, -7, -15]
[-2, 8, -1, -1, -4, -2, -3, 16]
[-6, 7, 9, -14, -5, -14, -41, -15]
[-2, 8, -7, 9, 8, 3, 25, -7]
[4, -27, -7, -6, -5, 13, 31, 23]
[-2, -5, 18, -11, 1, 0, -31, -18]
[11, 4, -22, 14, 5, 0, 2, -6]
[14, -17, -6, -11, -17, -22, -63, -10]
[-9, 9, 8, -1, 0, -8, -16, -3]
[3, -6, -3, -10, 1, 8, 20, -10]
[-8, 3, 7, -3, -9, -13, -28, 2]
[-6, -14, -28, 1, 0, 6, 25, 2]
[5, 13, 4, 9, -1, 2, -15, 22]
[9, 1, 9, -4, -4, -4, -1, 16]
[-1, -3, 12, -13, -2, 0, -14, -15]
[-2, -15, -13, 0, -2, -1, 4, 15]
[-9, 10, -11, -13, 0, 2, 11, -6]
[-7, -32, 10, 30, -8, -15, -23, -56]
[0, 7, 9, 5, 4, 4, 22, 27]
[2, 5, 8, -15, 2, 12, 22, -13]
[-5, -18, 5, 27, -4, -11, -22, -48]
[5, -14, -37, -15, -6, -1, 4, -36]
[0, -34, -15, -8, -16, -4, 6, -42]
[-4, 6, -5, -2, 0, -3, -15, 4]
[-11, 11, 48, 36, 7, -3, 5, 35]
[-6, 4, 9, -10, 3, 8, 3, -22]
[24, 6, 1, 9, 4, 6, 5, -15]
[1, -11, -18, -26, -10, -11, 7, -2]
[-5, 0, 27, 20, 3, -4, -6, -15]
[4, 11, -24, -2, 3, 10, 18, 44]
[-9, 11, 16, -10, 2, 4, 5, 15]
[-6, 9, 69, 54, 8, 4, 2, 12]
[7, -17, -54, -27, -23, -19, -14, -86]
[3, 3, 34, 19, -1, -7, -16, 8]
[5, 10, 7, -7, -7, 2, 20, 20]
[-6, -2, -23, -8, 4, 3, 18, 2]
[7, -9, 3, -10, 5, 12, 22, 14]
[-1, -17, -11, -5, 0, -6, -15, 7]
[-10, 5, -12, -2, 2, 1, -2, 0]
[-5, 11, 23, 4, 1, -8, -11, 16]
[3, 7, -12, -11, 6, 8, -3, -5]
[-2, 11, -1, -7, 3, 5, 18, 15]
[-2, -7, -19, 10, 3, -1, -7, 11]
[3, 0, 3, -8, -3, 10, 10, -9]
[1, -4, -16, -14, -8, -11, -27, 2]
[0, -2, -5, -6, -1, -9, 5, 1]
[1, 7, 1, 8, 3, 7, 14, -6]
[13, 5, 2, -2, -1, 5, -19, -3]
[-6, 1, -4, -8, 0, 0, 21, -5]
[-5, 1, 7, 4, -2, -8, 1, 5]
[1, 17, -2, 0, 7, 2, -2, 12]
[5, -17, 3, -2, 3, 3, 1, 5]
[-1, 17, -2, -2, -1, -6, -5, 12]
[-5, 7, -4, -9, -6, -2, -3, -4]
[-4, -18, -18, 5, -5, -4, -6, -3]
[-4, 5, -4, 0, -4, -1, 5, -6]
[0, -11, -3, -1, -7, 1, -3, 2]
[2, -9, -16, -10, -11, -7, -10, -26]
[2, -11, 8, -7, -4, -1, -10, 6]
[-1, -6, -3, -3, 0, -3, -7, 11]
[-2, 3, 4, -2, 0, 0, -1, -15]
[-6, 11, 8, 3, 7, 8, 14, 43]
[-1, -6, -5, -1, 1, -4, -1, -5]
[3, -1, 2, 2, -3, -2, 5, -20]
[-6, -3, -10, -1, 1, 3, -11, 2]
[6, 2, 0, 1, -2, 0, 1, 12]
[-6, 6, -4, 2, -4, -3, -4, 4]
[-1, 19, 9, -4, -1, 1, 3, -5]
[-2, -17, -14, -6, -6, -3, -4, -3]
[6, -7, -5, -7, -8, -8, -14, -20]
[-3, -3, -5, -8, -4, -6, -11, -11]
[2, -1, 2, 6, 2, 8, 58, 4]
[-1, 9, 11, 7, 12, 14, 4, 12]
[15, -8, -21, -4, -3, 0, -11, -15]
[5, -4, 13, 0, -4, -1, -3, -28]
[-2, -4, -10, -10, -6, -10, -17, -1]
[-1, 1, -2, -2, 2, -1, -1, 5]
[-3, 6, 3, 5, -1, -3, 8, 3]
[-6, -16, -16, 0, 0, 0, 2, 8]
[4, 10, 8, 2, -4, -9, -14, 7]
[-4, -3, 6, -11, -2, -1, 3, 1]
[1, -13, -16, -1, -2, -8, -23, -23]
[5, 42, 27, 11, 8, 12, 28, 3]
[0, -7, -8, 5, -2, 6, 8, 28]
[3, -13, 12, 0, -5, -6, -9, -8]
[-13, 5, -11, -7, -1, -13, -48, -1]
[-2, -9, 25, 0, 5, 24, 46, 21]
[-1, -19, -45, -9, -9, -9, -13, -59]
[7, 26, -17, 1, 6, 4, 7, 34]
[-5, -24, 6, 0, -6, -9, -22, -6]
[-6, 10, 4, 1, 3, -2, -3, -8]
[-4, 14, 13, 2, 2, 1, -15, 14]
[-5, -23, -13, -7, -9, -9, -10, -10]
[2, 13, 10, 4, 3, 12, 28, 8]
[-2, -6, -21, -4, -5, -4, -6, 15]
[-8, -5, 6, 1, 2, 0, 0, 15]
[7, 2, -8, -1, -6, -9, -20, -13]
[1, -3, 9, 4, 3, 6, 15, 1]
[-6, -6, -1, -7, -4, -2, -7, -7]
[6, -6, -11, -6, -4, -8, -15, 2]
[-2, -6, 8, 9, 2, 5, 0, 5]
[-6, 19, 9, -9, -2, 6, 25, 12]
[2, -8, -14, 3, -3, -8, -22, 12]
[1, 20, 18, 8, 5, 0, 6, 8]
[8, -4, -1, 1, 0, -3, -2, -13]
[2, -14, -26, 4, 0, 10, 34, -8]
[2, -10, -16, -15, -11, -10, -26, -16]
[-7, -4, -17, -8, -4, -4, -16, 15]
[5, 10, 26, 12, 7, 6, 34, -9]
[5, -4, 9, -1, 8, 7, 8, 10]
[-2, 6, 7, -2, -4, -2, 3, 15]
[-5, -15, 15, 1, 0, 4, -1, -7]
[-3, 15, -13, 1, -1, -10, 7, -18]
[-7, -1, 10, 6, 5, 11, 4, 12]
[1, -3, -5, 1, 0, -1, 7, 4]
[6, -16, -3, -8, -7, -4, 1, -35]
[-3, -9, -3, -5, -2, -2, -10, 5]
[1, 8, 3, 0, -3, -8, -9, -2]
[3, 0, -3, 0, 1, -2, -6, -2]
[-3, 8, 0, 3, 1, -1, 5, -1]
[-1, -10, -8, -6, -6, 2, -2, 2]
[-3, 8, 2, 1, -5, -6, -5, -1]
[1, -7, 11, -4, -4, -4, -12, -4]
[-7, -13, -25, 5, 0, -1, -5, -8]
[7, 0, 12, -3, -4, 2, 2, 2]
[-6, -9, -1, -6, -5, -5, -6, 2]
[-8, -1, -7, -2, -4, -6, -5, -2]
[3, 12, 9, -1, 4, 3, 0, 9]
[-9, 2, -6, -4, -4, 5, 25, 12]
[-1, -2, 0, 0, -3, -6, -30, -36]
[4, -4, -5, -3, -4, -4, 3, -26]
[-2, -1, 0, -4, -4, -4, -3, 1]
[1, 0, -7, -4, -6, -14, -18, 0]
[-5, 3, 1, 3, 7, 14, 12, 12]
[2, -14, -14, -3, -9, -6, -16, -37]
[9, -7, 4, 1, -1, 3, 9, -4]
[2, 24, 3, -1, 2, 1, 2, 2]
[3, 5, -3, -1, -3, -6, 1, 13]
[-4, -6, -3, 3, 1, 3, -5, 5]
[2, 0, -1, -2, -4, -4, -6, 1]
[3, -7, -3, 0, 3, 0, -9, 4]
[-2, 1, 5, -1, -4, -3, 3, 6]
[-1, 6, 2, 2, 4, 8, 12, 6]
[1, -4, -15, -2, -2, 1, -12, 4]
[0, -10, 3, 3, 2, -5, 2, -6]
[2, -5, 1, -4, -1, -2, 2, 1]
[-4, 3, -11, 2, -3, -6, 2, 7]
[-3, -4, 5, -1, -4, 0, 2, -9]
[-3, -5, 1, 1, 0, 1, -11, 3]
[-1, 2, -5, -3, -2, -1, 7, 22]
[1, 1, -2, 1, 4, 2, 2, 1]
[2, -6, 0, -3, -3, 4, -5, -6]
[-7, -8, -9, -2, -2, -2, -3, -3]
[-1, 2, 10, 1, -4, -6, -7, 0]
[9, 16, 12, 4, 8, 7, 6, 40]
[-2, 10, 4, 2, 2, -3, -8, -10]
[-8, -28, -14, -7, -12, -2, -7, -34]
[1, 15, -2, -2, -1, 2, -2, -3]
[-4, -3, -2, 0, -1, -9, 0, 11]
[3, 3, 2, -1, -4, -2, -3, -3]
[6, -5, 7, 1, -1, 1, -5, 8]
[0, 18, 1, 2, 3, 2, 9, 0]
[6, -11, -5, 0, -6, 0, 9, 6]
[-2, 7, -1, -1, 4, 0, -9, 0]
[-4, 2, 1, 2, -2, 0, -2, -1]
[-2, -12, -3, 0, 1, 2, -5, -6]
[-10, -2, -7, -5, -1, -3, 0, 4]
[-1, -1, -1, -2, 0, -3, 8, 5]
[0, -5, -5, 1, -2, 0, -5, 10]
[10, -6, -5, -1, -3, -10, -5, -8]
[0, -2, -4, -5, -5, -2, -7, -19]
[-6, 3, 4, 2, 2, 5, 5, 3]
[-4, 5, 3, -2, -6, -3, -7, -1]
[3, 3, 0, 1, 1, 1, 3, 1]
[-1, -4, -1, -3, -7, -2, -3, -10]
[-3, -4, -3, -2, -1, -1, 12, -11]
[13, -1, -3, 1, 5, -5, -13, 22]
[1, -13, -5, -2, -5, 1, 17, -36]
[-5, -5, -8, -1, 3, 1, 0, -7]
[3, 0, 7, -2, -5, 0, 5, -10]
[-1, 17, 8, 2, -3, 1, 0, 16]
[9, -12, -6, -1, -3, 3, 2, 11]
[4, 2, -3, 2, -2, -6, -15, -8]
[-3, -5, 1, 3, 4, 2, 19, -12]
[7, -9, -7, -5, -4, 0, 15, -38]
[-9, -18, -6, -3, 0, -1, -20, 4]
[2, 27, 10, 7, 5, 3, 5, 17]
[4, 3, -12, -3, -1, -2, -10, 12]
[1, 11, 16, 6, 5, 20, 0, 17]
[-3, 12, -6, -5, -4, -7, -1, -4]
[-5, -17, -4, -4, -4, -4, -8, -21]
[-6, -10, 0, 3, -3, -14, -16, 2]
[-14, -11, -19, -1, 7, 9, 8, 5]
[8, 1, 1, -3, 1, 6, -18, 19]
[-11, 7, 12, -6, 1, -6, -1, -1]
[25, 9, -4, 6, -14, -31, -9, -1]
[-42, -2, -9, -23, -18, -33, -12, -22]
[29, 5, 19, 35, 39, 67, 15, 55]
[34, -5, 17, 3, 6, 19, 12, 33]
[-27, 23, 8, 8, 4, -5, -15, 63]
[-4, -5, -8, 0, -4, -27, -2, 61]
[-28, -13, 24, 0, -13, -44, -10, -29]
[-5, 11, 3, 6, 7, 28, 26, 5]
[-8, -12, -48, -31, 5, -30, -11, 18]
[10, -1, 16, 17, -11, -14, 1, -8]
[-5, -34, -47, -35, -10, 62, -22, -9]
[13, 8, 51, 40, -11, -52, -41, 5]
[-5, 5, 7, -11, -20, -9, 12, -20]
[13, -6, -34, -10, 13, 10, -34, 24]
[-11, -8, 14, 3, 2, -20, 18, 3]
[-6, -2, 3, -8, 0, 7, -12, -22]
[-5, -3, 14, 11, 13, 21, -27, -47]
[-7, -11, -7, 2, -21, -33, 4, -63]
[-1, -4, 4, 3, -3, -21, -12, 23]
[-20, -31, -79, -20, -7, -10, 0, -5]
[11, -12, 58, 4, -11, 10, -40, -13]
[16, -2, 14, -8, -17, 13, 21, -23]
[-13, 3, -15, -7, 1, -12, 27, 2]
[-15, -49, -37, -12, -14, -20, -20, -11]
[0, -5, -30, -7, -8, 1, 13, -17]
[10, -10, 6, 4, 5, 6, -5, 2]
[-1, 32, 18, -4, -11, -12, 31, -12]
[-6, -3, -18, -19, -4, -30, -63, -16]
[-14, -20, -28, 51, 31, 62, 88, 33]
[30, -20, 61, 8, 5, -3, -9, 27]
[0, 48, 9, 9, -5, -3, -13, -8]
[9, 30, 37, -27, 4, 2, -40, -4]
[-1, -4, -9, 7, 3, -14, 42, -12]
[-7, -9, -26, 13, 11, 26, 17, 0]
[7, 21, -6, -6, -11, -20, 7, -7]
[5, -18, -1, 1, 6, 21, 30, -11]
[-17, -6, -4, -27, -20, -20, -24, -45]
[12, -10, -12, 5, 8, -14, -25, -24]
[1, -7, -2, -2, 5, 9, 9, 23]
[-7, 16, 3, 6, 6, 11, 23, -6]
[10, -10, 1, 0, -7, -4, -23, 6]
[2, 22, -7, -6, 7, 22, 10, 17]
[-7, -16, -2, -3, -7, -20, -28, -21]
[4, 16, 4, 8, 4, 7, 58, 14]
[4, 17, 12, -2, 2, -10, -13, 50]
[-4, -1, -2, -1, 11, 47, 12, -3]
[1, 6, -2, 3, -2, -25, -30, 25]
[-8, -3, 1, 6, -3, 22, 51, 6]
[12, -3, 1, -3, -4, -11, -8, 11]
[-10, 17, 0, -9, -1, -4, -1, -32]
[-2, -14, -7, 7, 7, 3, 17, -22]
[-1, 3, -4, -2, -14, -22, -9, 6]
[-2, 0, 6, -5, 4, 19, 10, 1]
[10, 2, -9, -6, -5, -18, -3, 23]
[-4, -14, -12, -1, -2, 3, -27, 7]
[20, -25, -15, -6, -16, -12, 12, -49]
[1, -12, -11, -14, -15, -6, -2, -24]
[-5, -4, -8, -2, -6, -10, 0, -11]
[5, -5, 3, 1, 0, 5, -10, 4]
[-2, -4, -6, 0, 1, 1, -1, -21]
[5, 4, -10, -2, 8, 20, -18, 14]
[-10, 35, 29, 9, 12, -2, 5, -1]
[2, -4, 15, 3, 3, 8, 37, -10]
[-1, 41, 7, 5, 5, -1, -29, 0]
[0, -9, -9, 1, 12, 7, 20, -4]
[-12, 25, 13, 0, -5, -4, -6, 5]
[-2, -1, -3, 0, -5, 0, -4, 6]
[5, -7, 0, 1, -4, -12, -6, 18]
[6, -3, 1, -2, 1, 9, 20, 11]
[-3, -9, -17, -5, -5, -18, -34, -4]
[0, -6, -4, 3, 6, 22, 64, 16]
[-4, -5, 3, 3, 1, 1, -10, 31]
[6, 6, 5, 1, -2, -14, -11, -8]
[-8, -9, -2, -1, -3, -8, 1, -1]
[-4, 10, 4, 1, 2, -4, -17, 14]
[6, -16, -14, -4, -7, -4, 5, -13]
[0, 10, 14, -1, -2, 1, 22, 10]
[5, -9, -13, -4, -4, 2, -13, -8]
[13, -12, -19, 1, -9, -7, -26, -6]
[-10, 4, -1, 2, 3, 10, 7, 55]
[4, 1, -6, -3, -7, -11, -18, -25]
[-1, -27, 3, 0, 2, 4, 16, 0]
[-7, 27, 3, -1, 0, -5, -5, -10]
[-4, -5, 6, 3, 4, 6, 4, 4]
[-2, 11, 3, 0, 2, 6, -7, 9]
[-1, 9, 2, 0, 2, -1, 18, 18]
[7, -11, -6, -2, -7, -4, -9, -14]
[-4, -4, 2, 3, 4, 9, -8, 3]
[3, -6, -1, -3, -11, -10, -1, -2]
[-8, 0, -9, -1, 6, 21, -2, -4]
[-4, -18, -4, -2, -5, -7, -1, -8]
[-5, 2, -2, -4, -6, -7, -35, -8]
[-6, -4, 3, 1, 1, -5, 16, 22]
[1, -12, -4, 1, -4, -15, -4, -6]
[12, 12, -4, -6, 2, 16, -8, -21]
[8, 0, -3, -3, -3, 0, -2, 39]
[0, -12, -17, -4, -7, -18, -30, 5]
[-11, 29, 10, 7, 8, 18, 56, 8]
[0, -22, 6, -8, -14, -19, -28, -5]
[-11, 4, 5, 3, 2, 2, 16, -16]
[-4, 35, 7, 5, 3, 7, -8, 9]
[5, -13, -12, -7, -4, -15, -16, -21]
[-5, -10, -9, -8, 4, 2, 2, 2]
[7, 10, 2, 15, 0, 5, 13, 1]
[2, -22, -12, -7, -6, -4, -13, -10]
[1, -3, -2, -4, -6, -1, -12, -5]
[0, 5, 12, -4, -2, -6, 14, 5]
[-1, -22, -23, -5, 4, 4, -2, -7]
[-2, 2, 10, 5, 4, 3, 0, -7]
[0, 12, 5, -3, -6, -8, -19, 2]
[2, -13, -1, 5, 6, 16, 19, 5]
[3, -8, 3, -3, -3, -8, 9, -6]
[0, -9, -3, -2, -7, 1, -12, -22]
[-6, -2, 0, -2, -1, 5, 16, 13]
[-1, 0, -8, -1, -4, -11, -29, -3]
[-1, -1, 0, -1, -5, -7, -1, -3]
[2, -3, -2, -4, -2, -5, 3, 5]
[-2, -12, -3, 1, 0, 10, -12, 5]
[1, 10, 5, 2, 2, -3, -1, 13]
[7, -4, -21, -5, -1, 3, 4, 17]
[-5, 5, 13, -7, -2, -6, -10, -8]
[-4, -7, -13, 7, -7, -6, -7, 13]
[6, 6, 7, 5, 5, 1, 2, 12]
[3, -1, 12, -9, 0, 2, 4, -21]
[16, -12, -18, 5, 0, 0, -24, -11]
[3, -9, -9, -1, -4, -4, 14, 6]
[-7, -11, -9, -1, -7, -2, -1, -9]
[-6, 15, 27, 8, 2, 4, 5, 6]
[-5, 21, 18, -14, -1, 3, 2, -10]
[11, 0, -6, 13, 6, 4, 3, -11]
[-8, -1, -6, -5, -2, -5, -8, -3]
[1, 0, 3, 3, 6, -6, -9, 3]
[8, 0, 14, 1, 10, 21, 51, 33]
[0, 6, 8, 8, 4, 2, 10, 26]
[-6, -4, -9, -1, -3, -3, 5, -3]
[1, 9, 4, -2, -3, 0, -24, -7]
[-5, -5, -7, -4, -3, -9, -15, 7]
[6, -1, -11, -7, -4, -5, -11, 11]
[1, -8, -8, -10, -3, -5, -22, -1]
[-4, 8, 3, 11, 3, 4, 58, -15]
[19, -24, -43, 2, -16, -9, -17, -72]
[1, -29, -11, -12, -6, -6, 0, 8]
[-3, 13, 9, 2, -11, -5, -12, -18]
[-14, -7, -11, -22, -6, -10, -24, -8]
[-10, -1, 12, 13, 3, 2, 11, 33]
[-10, 8, 8, -2, 2, 3, 2, -6]
[11, 17, -7, -1, 3, -2, -24, -11]
[-5, 7, 2, 1, 2, 4, 18, -13]
[12, -9, 5, -8, 0, 11, 11, 41]
[-3, 46, 9, -4, 1, -3, 14, 16]
[19, 3, -14, 10, 4, 5, 24, -37]
[-16, 7, 13, 3, -2, -3, -24, 40]
[-6, -6, -45, 14, 11, 1, 5, 19]
[14, 6, 49, -6, 4, 5, -4, -10]
[-12, 5, -7, 38, -7, -12, -19, 0]
[15, 17, -10, -19, -9, -1, 11, -1]
[-28, -27, 36, -19, -7, -11, -32, -52]
[6, -16, 0, 5, -1, 1, 2, 8]
[-1, 20, -36, -7, 16, 9, 16, 53]
[11, -51, 4, 36, 0, -1, -21, -35]
[-9, 14, -1, 6, -3, -2, 5, 37]
[-15, -7, 3, -12, -7, -8, -16, 5]
[14, -11, -13, 12, 5, 8, 5, -1]
[3, -11, -46, -30, 0, -1, 1, 5]
[1, 15, -8, -21, -1, -2, -16, -11]
[-22, -22, -3, -1, -13, -6, -6, -34]
[3, -9, -7, -32, -17, -11, 2, 9]
[0, 1, 14, 12, 3, -1, -26, -2]
[7, -4, 6, 1, 1, 20, 39, -26]
[2, 3, -21, -15, -6, -5, -12, -14]
[-7, -16, 12, 2, -4, -2, 13, 5]
[-19, 6, -7, -16, -5, -12, -12, 30]
[-3, 11, 40, 21, 4, -8, 20, 18]
[4, 1, -36, 14, 6, 13, 19, 18]
[-3, -20, 6, -10, -7, -8, -5, -10]
[-4, 43, 36, 17, 21, 13, 30, 23]
[4, -4, -16, -13, -6, 9, -12, 8]
[-2, -12, 4, 13, 5, -12, -10, -18]
[-7, 14, 27, 3, 8, 6, 0, 21]
[18, -31, -16, -8, -6, 5, 11, -62]
[-2, -8, -9, 0, -6, -7, -22, -26]
[27, 12, 0, -3, -3, -9, 5, -5]
[-19, -19, 13, -6, -5, -7, -13, 12]
[3, -6, 3, 7, -1, 0, 1, 4]
[6, 17, 0, -3, -1, 1, -3, 1]
[-11, -34, -4, -4, -4, -7, -15, 0]
[6, 21, 8, 7, 1, -2, 12, -9]
[11, -11, -2, -1, -7, 5, -5, -18]
[0, -15, -5, 1, 2, -8, -6, -5]
[-5, 7, 1, -5, 2, -2, -8, 1]
[-4, 2, -6, -4, 0, -2, 5, 5]
[-5, 3, -6, -1, 4, 0, 5, 6]
[7, 8, 8, 8, -3, 0, -17, 12]
[-2, 2, 6, -1, 1, 6, 3, -5]
[0, -6, 0, -2, -2, 3, 21, -23]
[-3, -1, -3, 0, -9, -7, -7, 23]
[-5, -7, -8, -2, -8, -11, -8, 0]
[0, 13, 1, 2, -3, -5, 11, 4]
[-9, -2, 2, -1, 4, 27, 0, -4]
[22, -17, -6, -8, -4, -9, -14, -20]
[2, 11, -2, 5, 6, 2, 7, 36]
[-3, -18, -15, -4, -2, 8, 4, -16]
[5, -3, 27, 2, -2, -10, -6, -38]
[-1, 7, 0, 0, 0, 2, 0, 3]
[-12, -14, 5, 3, -4, -2, 2, -1]
[17, 21, -2, 0, 1, -2, 2, 4]
[-5, -28, -16, -7, -5, -8, -12, 1]
[-3, -18, -15, -4, -7, 1, 0, 7]
[-5, 13, -7, -8, -7, -9, -10, -21]
[-6, -5, 2, -4, -9, -8, -8, -5]
[1, -17, -12, -4, -3, -3, -7, 4]
[-2, -1, -5, -2, 0, 7, 12, 11]
[9, 28, 15, 4, 7, 1, -1, -5]
[-7, -18, 0, 1, -1, 5, -2, -12]
[7, 19, 7, 4, 6, -3, -2, 14]
[-6, 13, 6, 0, -1, -6, -1, -3]
[3, -17, -9, -2, -2, -2, 0, -26]
[3, 12, 6, 2, 4, 1, -4, 5]
[19, 2, -1, 0, -2, 8, -4, 0]
[-9, -3, -5, -1, -4, -6, 5, -6]
[-4, -17, 0, 1, 2, -3, 8, 5]
[-2, -10, -6, -4, -8, 5, -10, 3]
[-12, 7, 3, 5, 6, 4, 9, 58]
[6, 4, 4, 2, 0, 5, 14, -15]
[3, 3, -4, -2, -2, 1, 10, -5]
[-7, -1, 4, -1, 1, -10, -10, 3]
[-13, 0, -2, -1, -1, -2, 2, 4]
[10, 1, 8, 3, 3, 8, -6, 7]
[-1, 7, -1, -2, -2, -4, -5, -13]
[4, -2, 4, 0, 1, 0, 0, 5]
[-12, -8, -21, -4, -4, -3, 5, -18]
[1, 7, 24, 3, -3, -13, -8, 0]
[1, -7, -12, 1, -4, -2, -4, -1]
[4, -23, -5, -7, -12, -1, -6, -13]
[2, -2, 4, -5, -4, -5, -12, -33]
[-13, -11, -18, -8, -7, -6, -4, 3]
[6, 0, 0, 0, -4, -3, -5, 4]
[2, -6, 7, -2, 4, -2, -4, 16]
[1, 4, -15, 0, -3, -6, -4, -1]
[-3, -11, -4, 0, -2, -1, -4, -5]
[-13, 3, 1, -3, 1, 5, 1, -9]
[10, 9, 2, 5, 3, 3, 8, 2]
[0, 4, 12, 4, 9, 8, -1, 0]
[-4, 11, 7, 4, 7, 3, 0, 8]
[-11, -11, -2, 0, 1, 0, 2, 21]
[-1, 17, 3, -1, -2, 0, 1, 9]
[-7, -5, 4, -2, -3, -4, -1, 5]
[18, 1, -8, -1, -7, 1, -1, -16]
[16, -23, -16, -5, -6, -3, -3, -23]
[-7, -3, -9, -4, -5, -1, -4, -13]
[1, 1, -1, -3, -2, -4, 1, -5]
[-3, -7, -2, -1, -2, 1, -1, 2]
[-9, -8, -6, -6, -6, -4, -13, -6]
[2, 10, -5, 4, 9, 2, 10, -4]
[15, -19, -9, -4, -7, -4, -5, -3]
[-11, 32, 13, 4, 2, 1, -5, 4]
[8, 2, -3, 2, 3, -2, -2, 8]
[-5, -5, 5, 2, -2, -1, 1, -1]
[-3, 4, 1, 3, 2, 4, 5, 28]
[-2, -12, 0, 0, -2, 1, -6, -6]
[-3, -1, -5, 0, -3, -4, -5, 0]
[0, 13, -2, -4, -7, -12, -9, -30]
[6, -10, 9, 2, 2, 3, -3, 13]
[4, -2, -7, -3, -1, -6, -6, 7]
[0, 15, 15, 0, 5, 5, 5, 12]
[-7, -9, -8, 0, -1, 0, 1, 9]
[-1, 4, 1, -2, -6, -4, -4, -28]
[-1, -2, -7, 0, 4, 1, 2, 12]
[0, 1, 5, 1, 3, 3, 5, 0]
[-4, -5, -2, -1, 0, -3, -6, 7]
[-5, 12, 3, -3, -6, -2, 0, -6]
[-13, -6, -1, -3, -7, -6, 0, 1]
[16, -1, -3, 1, -4, 15, 1, -35]
[-4, 3, -1, -4, 6, -7, 1, 30]
[-12, -12, -9, 3, 5, 14, 6, -5]
[15, 33, 7, 10, 2, -9, -10, -8]
[-17, 3, 1, 1, 8, 15, 28, 61]
[-23, -26, -11, -12, -21, 6, -4, -48]
[36, 4, 14, 1, -3, -4, -16, 3]
[-34, -23, -51, -19, -8, -30, 8, 31]
[9, -11, 46, 35, -3, 3, -17, -86]
[8, 37, 7, 2, 11, 34, -11, 58]
[-32, -20, -58, -38, 2, -2, 52, 52]
[3, 19, 64, 26, 6, -16, -18, -5]
[-27, -58, -56, -35, -28, -38, -25, -51]
[22, 11, 25, 15, 5, 32, 0, -36]
[9, -14, 4, -7, 10, 35, 12, -48]
[21, -2, 7, 27, 7, -15, -14, 40]
[-23, -10, -49, -15, 13, 17, 21, 61]
[9, 32, 71, 14, -7, -8, -47, -27]
[-8, -17, -16, -1, -8, -70, -58, -31]
[5, 1, -11, -18, -11, 18, 70, 10]
[-15, 1, 6, -7, 16, -11, 21, 7]
[-22, 16, -6, 11, 4, -30, 79, 83]
[36, 18, 22, 9, 8, 64, 29, 15]
[4, -21, 11, -1, -10, -21, -94, -56]
[26, -4, -15, -7, -4, 10, 86, -4]
[-16, 9, -3, -11, -7, 13, 8, 6]
[-34, 5, 11, 13, 2, -1, -10, 3]
[19, -4, -33, -3, -6, -16, -37, 9]
[-1, 11, -19, 18, 6, -2, -14, 41]
[-7, -11, 36, 3, -6, -32, -29, -26]
[20, -12, -12, -7, -26, -24, 3, -41]
[10, 32, 2, -13, 4, 37, -4, -21]
[-11, -68, -8, -30, -21, -24, -47, -18]
[48, 52, -70, 5, 3, -9, 5, -1]
[-11, -26, 2, 5, 3, 12, 18, 1]
[-18, -14, -19, -9, 1, 11, -20, -3]
[14, 88, 74, 21, 8, -11, 18, 8]
[13, 3, 19, 10, 16, 42, 18, 5]
[4, 83, 4, -17, -10, 5, 11, 12]
[10, -18, -52, -14, -4, 5, 15, -33]
[-14, -44, 28, 11, -6, -5, -42, -3]
[4, -67, -1, -18, -17, -26, -79, -61]
[4, 26, -27, -10, -5, -3, 28, 0]
[-10, 0, 30, 12, -3, -1, 12, -7]
[-20, 5, -1, 0, 7, -2, 1, 15]
[-21, -26, -19, 6, 1, -7, -5, 28]
[4, 0, 6, 16, 8, 4, -7, 24]
[-7, -2, -17, -21, -13, -15, 3, -16]
[15, 6, -10, 4, 8, 13, 5, 20]
[-6, -18, -5, 0, 2, 9, 37, 15]
[-10, 9, 4, 3, 1, -8, -8, 0]
[-15, -9, 27, 5, 9, 17, 3, 18]
[2, 22, -1, 6, -7, -11, 23, -3]
[-2, -4, -3, -10, -3, -13, -19, -17]
[8, -28, -1, 0, 0, -1, -28, -13]
[-3, -2, 1, 5, 5, 9, 18, 11]
[15, 1, 2, -7, -11, 10, -29, -8]
[-1, 1, -18, -8, -3, -9, 34, -2]
[-10, -23, 2, 1, -7, -20, -28, -20]
[-7, -7, 4, 3, 2, -1, 20, 23]
[10, 9, -12, -9, -9, -15, -12, -13]
[-22, -15, -12, -4, -9, -8, -6, -3]
[16, -2, 8, 5, 4, 8, -2, 6]
[19, 7, 7, -4, 0, 9, 15, 6]
[-1, 2, -7, -8, -10, -9, -18, 2]
[-1, -9, -13, -2, 3, 5, 27, 5]
[-20, -12, -3, -2, -9, -5, -27, -1]
[8, -24, -20, -11, -11, -9, 9, -69]
[3, 5, 4, 5, 3, 2, 5, -4]
[0, -3, 0, 1, 9, 22, 12, 13]
[-13, 15, 3, -1, 6, -4, -22, 45]
[-11, 7, 10, 10, 9, 13, 9, 45]
[12, 27, 18, 12, 5, 0, -13, 13]
[-3, -15, -6, -3, -1, -7, -16, 1]
[3, 22, 19, 5, -2, -10, 21, -14]
[4, -5, 1, -2, 0, -7, -19, -6]
[-12, -13, -15, -1, 11, 22, 7, -21]
[2, 9, -1, -2, 0, 4, 15, 20]
[-4, -17, -4, -1, -9, -13, -6, -15]
[-12, 0, 2, -3, -5, -5, 2, 9]
[10, -8, -2, -7, -6, -3, -4, -18]
[3, -5, -9, -7, -6, -13, -28, -21]
[-6, -12, 1, 2, -4, -3, -1, -14]
[-4, 12, 8, 4, 3, 11, -3, 40]
[16, 5, -1, 2, 3, -6, 2, 3]
[2, -3, -3, 0, -1, 5, 2, 4]
[-5, -1, 1, 0, -2, -10, -5, 9]
[-9, -1, 3, 5, 1, -1, 6, 18]
[-6, -2, -5, -2, 0, 3, -2, 10]
[2, -3, 3, -4, -6, -14, -9, -5]
[11, -4, -1, -1, 0, 4, 9, -4]
[-1, -12, -3, -1, -1, 2, 6, -29]
[-4, -1, -9, -6, -6, 0, -3, -5]
[-5, -8, -16, -5, -3, -6, 0, -23]
[-10, 17, 27, 6, 3, -5, -7, 0]
[8, -20, -2, -1, -3, 5, 4, -13]
[5, 8, -7, 0, -5, 2, -11, 17]
[3, 15, 1, 4, 3, 9, 17, 0]
[-2, -7, -10, 1, 7, 2, 22, -3]
[0, -3, -3, 0, -5, -12, -18, -14]
[-4, -2, 4, 0, -2, 1, 5, -3]
[2, -20, -4, -2, -5, -5, -9, -3]
[-5, -5, -4, -4, -3, 3, 1, 1]
[3, -4, -12, -4, 1, 0, 7, -16]
[-1, 13, 6, 1, 1, -3, 4, 36]
[-1, 7, 11, 0, 0, 1, -2, -15]
[-3, -11, -4, 5, 0, 4, 17, 22]
[-17, 14, 3, -5, 2, 4, -3, -8]
[25, -11, -10, 7, 11, -5, 13, -5]
[6, -6, 3, -6, -13, 12, -6, -17]
[-3, -12, -11, -1, 0, -7, -6, -9]
[-5, -8, -11, -10, -10, -5, 2, -22]
[-11, -4, 19, 16, -2, -42, -15, 4]
[22, 24, 5, 15, 3, 20, 16, 26]
[6, -21, -28, -16, -1, 13, -11, 15]
[26, 19, 2, 1, -2, -8, -9, 9]
[-19, -7, 9, -30, -12, 22, -7, -69]
[-4, -14, -88, 16, 7, -26, -17, 9]
[9, 12, 102, 23, -8, -63, -1, 3]
[-16, -5, -24, -9, -10, 32, 1, -51]
[37, -5, -32, -16, -2, -4, -7, -1]
[-18, -20, 24, -1, -6, -5, -15, 27]
[0, -9, -41, -6, -13, -15, -41, 6]
[-18, -19, -2, -3, -7, -35, 22, 12]
[-8, 10, -1, 2, 9, 21, -25, 47]
[-2, 20, 48, 6, 5, 15, -1, -28]
[9, 46, 2, 14, 19, 21, 70, 21]
[-2, -11, 44, 3, 7, -13, -18, 7]
[-20, -24, -13, 16, -7, -8, -15, 2]
[11, 52, 11, -1, 28, 44, 18, 24]
[-24, 6, 10, -2, -2, -15, -7, 9]
[-4, 4, -4, 8, 2, -34, -16, 4]
[4, -21, -17, -16, -9, 23, 34, -62]
[19, -19, 0, -13, -28, 33, -3, -5]
[6, -32, -29, -13, -20, 13, -59, -42]
[25, -10, -26, 3, 10, 27, 82, 26]
[-12, -11, -4, -1, -8, -38, -11, 16]
[-22, 16, 32, 2, -5, -44, 12, -5]
[-16, 15, -18, -4, 6, 13, -22, 48]
[15, 11, 22, 7, 7, 4, -24, 20]
[-3, 15, 21, 0, 6, -3, 16, 21]
[10, -12, -20, -3, 4, 5, 10, -12]
[-17, 46, 68, 4, 6, 11, 7, -6]
[-12, -2, 6, 18, -1, -12, -23, -5]
[-15, 5, 18, 11, 4, 21, 18, 31]
[1, -21, -37, -4, 5, -8, -22, 9]
[8, -19, -14, -7, 0, -4, 11, -24]
[-6, 7, 13, -9, 0, 3, -9, -2]
[-4, 0, -19, -7, -7, 7, -28, -9]
[-16, -1, 18, -4, -3, -27, 29, -5]
[12, -10, -5, 1, -8, 9, 13, -55]
[26, -8, -15, -4, 6, 32, -13, 1]
[-9, -5, -5, 2, 2, -12, -28, 22]
[-1, 1, 4, -4, 1, -13, 18, 2]
[2, -21, -21, -3, -4, -6, 4, -22]
[-25, 2, -11, -9, 2, -28, -5, -10]
[1, 6, 37, 21, -8, 24, 26, -12]
[26, -3, -3, -6, 13, 32, -13, 21]
[18, 10, -7, 3, 5, -11, 3, 50]
[-13, 13, 4, 7, 1, 5, 11, 21]
[-12, 9, 1, -3, -3, -45, 8, -4]
[-45, -9, 0, -7, -6, -72, -14, 24]
[-9, -23, -8, 8, 21, 106, 15, 11]
[45, 24, -4, -6, -7, -25, -1, -7]
[-7, 7, -20, -17, -19, -31, -2, 28]
[32, -18, 1, -7, 3, 49, -11, -16]
[-22, -17, -10, 0, 0, -28, 3, -20]
[-18, 2, 9, 7, -6, -7, -7, 5]
[12, 24, 0, -2, 13, 14, 36, 23]
[-9, -13, -16, -2, -11, -11, -11, -13]
[0, 4, -9, -8, -11, -33, -21, -8]
[-12, -23, -13, -10, -3, 24, 2, -15]
[12, -2, 0, 0, -1, -1, -11, -14]
[-12, -6, 14, -8, -11, -22, -23, -9]
[14, 1, -24, -25, -6, 15, 34, -11]
[14, -6, -39, 31, -3, -18, -3, 29]
[3, 6, 16, -11, -2, 14, -10, 17]
[-5, -34, -23, 16, -13, -15, -19, -18]
[11, -26, -14, -24, -10, -22, -25, -10]
[-26, 3, -29, -17, -11, 11, 7, -39]
[25, -43, -6, 55, 4, -31, 7, 7]
[2, 0, -5, -1, -9, 15, 9, -7]
[2, 27, 22, 18, -4, -12, -6, 8]
[-9, -28, 11, -23, -3, -3, -20, 1]
[-3, 12, -19, -20, 1, 14, -23, 10]
[-6, 0, 10, 12, 13, 0, 22, 18]
[22, -2, 12, 0, 5, 5, 7, -52]
[0, 6, 9, 5, 5, 10, 5, -32]
[-13, 24, 25, 8, 16, 17, 16, 1]
[8, 27, 26, -4, 7, 2, 7, 33]
[-5, -2, -9, 22, -1, 2, 13, 5]
[1, -1, 8, -2, -3, -1, -4, 8]
[5, -6, 4, -8, -11, -3, -8, -34]
[7, 2, -27, -11, -4, -2, 17, -6]
[-7, -13, -15, 2, -6, -8, -6, 8]
[-5, 1, 24, 8, 1, 8, 20, 30]
[6, -7, -4, -16, -2, 2, 1, -35]
[-11, 4, -10, -2, -7, -19, -20, -7]
[-5, 8, 16, 5, 13, 12, 14, 6]
[8, 15, 22, 9, 3, 13, 54, 21]
[-6, -17, 6, -8, -7, 1, -9, -48]
[-4, 10, -6, -5, 1, 1, -3, -11]
[1, 0, -6, 7, -3, -13, -13, 37]
[-17, 7, 20, -13, 0, -6, -10, 53]
[5, -5, -22, 19, 11, 10, -5, 1]
[-7, -15, 3, -11, -7, 1, -17, 0]
[1, 40, -10, -7, 0, 1, 2, 14]
[32, -18, 2, 47, -1, -14, -39, -36]
[-10, 31, 8, 1, 0, 2, 33, 2]
[12, -21, -7, -17, -10, 3, -59, -67]
[5, -12, 9, -16, -4, -8, -18, 1]
[-18, -2, 20, 1, -6, -5, -2, 12]
[0, -33, -4, -4, -9, -2, -8, -43]
[-8, 40, -13, 15, -1, -8, -10, 44]
[-5, -9, -1, -9, -9, 2, 24, 8]
[11, -16, -44, -46, -16, -24, -57, -72]
[-9, -10, -41, -17, 10, 17, 25, 17]
[23, -17, -32, 9, -10, 4, 24, -6]
[-4, -29, -16, -30, 0, -3, -23, 10]
[0, 4, 0, 15, 6, -4, 0, 26]
[1, 1, 5, -11, 1, 0, -9, 17]
[7, 4, 5, -59, 9, 9, 13, 29]
[-11, 22, 23, 41, 3, -2, 12, 6]
[0, -28, 21, -5, -11, 3, 3, -71]
[3, -18, -9, -12, -9, -9, -18, -29]
[-4, 8, 11, 18, 7, -4, -1, 13]
[-5, -20, 13, -3, -5, -1, -9, -16]
[0, 19, -4, -11, 5, 8, 14, 12]
[1, 11, -5, 11, -4, -5, -8, 22]
[-4, 5, -19, 8, -6, -16, -2, -8]
[0, 12, 10, 4, 4, 2, -6, -16]
[8, 11, -2, 2, 7, 13, 4, 29]
[-7, 3, 3, 2, 5, 17, 17, 7]
[0, -8, 14, 12, 1, 7, 39, -25]
[6, -11, -15, -1, -4, -16, -2, -3]
[-2, -1, -13, -6, -6, -8, -10, 8]
[-2, -17, 13, 6, -3, -19, -18, -5]
[-8, -1, 10, 3, -2, 8, -7, -7]
[3, 0, -3, -2, -3, -2, 4, 1]
[7, -9, -7, -2, 3, 2, 11, 14]
[5, 25, -5, -2, -3, -5, -10, -13]
[-1, -10, 2, 9, -4, -12, 1, -6]
[-19, -35, -15, -5, 1, 20, -19, -19]
[22, -5, -12, -19, -9, -24, -13, -17]
[33, -8, -25, 17, -12, -13, -3, -32]
[19, 28, 16, 1, 5, 24, 2, 2]
[5, -25, -11, -2, -8, -8, -11, -19]
[-27, 7, 5, -7, -6, -17, 9, 1]
[-17, -4, 13, -5, 2, -1, -5, 9]
[-11, -5, -4, 1, -6, -3, -13, -10]
[8, 5, -5, 6, -1, -2, 17, 6]
[20, -1, 2, 8, 11, 22, -11, 25]
[10, 18, 15, 1, 1, -21, 0, 43]
[-19, -19, -1, 6, 4, 25, 12, -9]
[-11, 16, 6, -1, 9, 11, 9, 15]
[-25, -13, -11, 3, 2, 13, 5, -5]
[-15, -7, 2, -1, -5, -9, -7, -16]
[-3, -8, 5, 0, -2, -18, -2, 7]
[4, 0, -7, -7, -21, -25, -9, -27]
[-10, -12, -11, 1, 4, 22, 3, -8]
[-30, -14, -5, -7, -3, -11, -4, 4]
[50, 14, 3, -7, -14, 8, -16, -72]
[9, -4, -12, -7, -10, 4, 1, 34]
[-21, -2, -12, 1, -13, -20, -11, 14]
[38, 2, 13, 0, 6, 21, 7, -12]
[-62, -49, -28, -6, -2, -15, 12, -18]
[34, 20, 24, 12, 6, -11, -21, 1]
[0, -14, -7, -4, -7, 11, 9, 3]
[-30, -25, 13, -4, -7, -3, -12, -9]
[-5, 21, 6, 0, 0, -4, -4, 43]
[-16, -13, -19, -3, -2, 1, 7, -9]
[0, 8, 9, 4, 8, 3, 4, -9]
[27, -4, -9, -3, -6, 6, -7, 16]
[55, 4, 5, 6, 4, -2, 10, 6]
[-63, -2, -7, -6, -6, -4, -8, 2]
[4, 9, 6, 6, 8, -2, 7, 11]
[12, 16, 3, -1, -2, -13, 4, 12]
[-20, 1, 0, 1, -1, 0, -6, 3]
[11, 10, 6, 3, 11, 11, 0, -16]
[15, 19, 11, 10, 15, 17, 4, 4]
[-61, -2, 3, 1, -2, 1, -7, -14]
[48, -5, -4, 2, 0, -8, -8, -1]
[67, -3, -12, -9, -17, -7, 5, -45]
[0, -9, -8, -5, -9, -6, -19, -7]
[5, -6, -10, -4, -6, -1, 5, 6]
[-1, 15, 6, 3, -1, -5, 1, 33]
[-41, -7, -6, 0, -1, -5, 2, -11]
[-1, -6, -6, -2, 0, -12, -24, -25]
[78, 6, -23, -7, 0, 22, 30, 17]
[-9, -22, 28, -1, -8, -14, -12, 6]
[17, 21, 17, -2, -5, -5, -8, 2]
[-40, -37, -80, -12, -12, -14, -20, -10]
[0, 3, 54, 16, 18, 12, 11, 7]
[-10, -2, -4, -9, -13, -5, 0, 23]
[45, 2, -2, 3, 8, 6, -3, 23]
[-17, -4, 10, 1, -3, -4, 21, 2]
[2, 26, -6, 0, -6, -2, -14, -28]
[-29, 16, -6, 1, 9, 9, 8, -12]
[-47, -4, 26, 9, 16, 4, -3, -3]
[-2, 12, 0, 4, 6, 0, 14, 27]
[1, 6, -3, -3, -7, 5, 8, 19]
[-23, 5, 11, 5, 9, -3, -22, -25]
[-8, 1, -10, 0, -4, -18, -26, 14]
[-28, -5, 7, 2, -2, 10, 23, -21]
[-44, -28, -18, -10, -9, -2, -2, -47]
[100, 38, 10, 4, 1, 6, -3, 82]
[-13, -17, -31, -11, -12, 19, 14, 26]
[11, 2, -1, -10, -21, -40, -56, -9]
[-45, -8, 3, -2, 1, -7, -24, 1]
[-40, -42, -32, -8, 0, 6, 34, -39]
[-15, -7, -6, 2, 6, -8, -7, -17]
[25, 29, 21, -3, -10, 1, 4, 18]
[3, -34, -38, -17, -13, -14, -10, 14]
[-6, 29, 18, 7, -4, -7, -17, 18]
[7, -16, -15, -8, -8, 1, 9, 21]
[-27, 23, 54, 14, 11, 15, 3, -41]
[-20, -9, 1, 9, 2, -1, -10, -17]
[11, 21, -13, -5, -1, -2, 10, 24]
[0, 36, 22, 9, 7, 0, -10, 15]
[28, -3, -7, 0, 8, 14, 41, 26]
[-3, -8, 7, 1, 7, 0, -11, 7]
[-48, 8, 6, 5, 10, 16, 39, -11]
[-55, -29, -2, -1, 2, -7, 1, -38]
[52, 19, 4, 4, 6, 1, 9, 51]
[4, 14, 1, -5, -10, 11, 17, 2]
[-25, -30, -17, -4, -5, -12, -23, -35]
[35, 7, -2, 2, -4, -8, 10, 36]
[-80, -29, -11, -7, -1, 1, 32, -46]
[59, -5, 0, 8, -2, -32, -17, -2]
[81, 22, 6, 2, 7, 66, 7, 66]
[-36, 9, -10, -8, -3, -31, -11, -28]
[34, -14, -1, 6, -7, -3, -24, -20]
[9, 25, -15, -16, -1, -10, -8, 34]
[-119, -56, -47, -16, -7, -86, 4, -90]
[-116, 48, 63, 9, -12, 33, -14, -18]
[-65, 7, -10, -12, -26, 11, -36, 18]
[7, 22, 34, 28, 23, -1, 44, -5]
[-28, -13, -13, -15, -7, 3, -6, 4]
[-48, -64, -70, -17, -5, -28, -3, -74]
[25, 19, 45, 8, 11, -7, 27, 47]
[-57, 42, 41, 10, -7, 9, -24, -74]
[45, -10, 29, 2, -10, -13, -12, -19]
[22, -34, -34, -31, -1, 1, -11, 65]
[19, 35, 14, 35, 13, 24, 49, -14]
[7, 33, 33, 17, -3, -3, 6, 47]
[-21, -37, -3, -17, -5, -2, -27, -58]
[-27, -13, -25, 12, 13, 10, 0, 32]
[44, 70, -21, -5, -8, -2, 7, -15]
[-42, -59, -13, -8, -3, 4, 55, 21]
[25, 50, 13, 16, -4, 23, -8, -7]
[9, -49, 0, -4, -2, -1, -34, 32]
[-28, -54, -26, -17, -17, -94, -98, -25]
[11, 15, 4, 16, 35, 100, 88, 34]
[18, -24, -16, -11, -12, -5, 4, 43]
[-9, 9, -2, -1, -2, 0, 14, -53]
[-1, -29, 2, -7, -1, -1, -36, -11]
[-9, -5, -18, -16, -18, -49, -36, -39]
[-4, -3, 5, 5, 13, 16, -16, 17]
[-8, 27, 21, 13, 12, 25, 11, 37]
[11, -12, -11, -12, -10, -31, 14, -39]
[13, 4, -5, 5, -1, 1, -24, -4]
[-11, -10, -10, 5, 9, 36, 21, -48]
[9, 40, 25, 12, 0, -21, -7, -17]
[-2, -36, -22, -8, 6, 17, 14, 9]
[-12, -19, 4, -2, 6, 7, 6, 86]
[3, 17, 18, 9, -6, -26, -2, 21]
[5, 15, 9, 1, -9, -8, -11, 6]
[1, -7, -8, -9, 8, 32, 11, -8]
[-15, -19, -29, -14, -21, -68, -42, -7]
[-4, -6, 0, 9, -1, 3, 23, -24]
[-1, -5, -5, -6, -1, 11, 31, -15]
[-9, -20, 1, 2, -5, -9, -21, 31]
[13, 4, 10, -2, 0, 10, 23, -3]
[0, 13, 1, -2, 4, -34, -27, 17]
[9, 12, 10, 6, 8, 42, 27, -9]
[7, -6, -3, -6, -7, 7, -1, 0]
[1, -1, -12, -7, -6, -13, -31, -29]
[1, 1, 1, -2, -2, -11, -2, -2]
[-22, 12, 0, 2, -4, -12, 6, 45]
[2, 12, 25, 15, 16, 14, 28, 7]
[3, -11, -26, -12, -8, -2, -49, -9]
[5, 7, -2, 1, 4, 7, 41, 8]
[-9, 3, -9, -2, -2, -4, 3, 10]
[-2, -35, -4, -4, -3, 17, -27, -2]
[10, 17, -1, 8, 4, 11, 6, 12]
[4, -14, -17, -7, -12, -12, -19, -35]
[-8, -7, 11, 5, -6, -23, -15, -30]
[5, 13, -5, -4, 3, 8, 7, -3]
[5, 18, 11, -3, 4, 9, 13, -7]
[-6, -13, -3, 6, 6, 11, -15, 22]
[-4, 8, 7, 0, 4, -3, 0, -5]
[-2, 10, 5, 3, 0, -12, 6, -6]
[-7, -14, -6, -2, -2, 2, -4, -9]
[6, 11, 5, -1, 5, 14, 27, 27]
[-6, -7, -3, -5, -10, 23, 4, -15]
[6, 7, -2, 1, 1, 1, -6, 3]
[-3, -17, -10, -5, -9, -17, -17, -8]
[-5, 4, 2, -6, -11, -19, -20, -12]
[5, -4, -4, -1, -2, -9, 8, 23]
[10, -5, -14, -7, -10, -4, -14, -24]
[-5, -15, -4, 0, 2, 12, -12, -15]
[4, 0, 7, 3, 6, 10, 11, 9]
[1, 1, -10, 1, -5, -15, -19, -15]
[-2, 6, -8, 0, 2, 5, 21, 2]
[0, -13, 9, -4, -6, -2, 6, 15]
[-8, -12, -14, -1, 0, 0, -12, -6]
[3, -1, 5, -3, -4, -6, -13, -34]
[0, 1, -9, 1, 4, 10, 11, 23]
[16, 34, 16, 7, 4, 7, 18, 27]
[22, 13, 4, 1, -2, 1, -12, 23]
[0, -8, -3, -2, -1, -4, 9, -42]
[-12, -11, -5, -3, -7, -15, -12, 5]
[-8, -7, -6, -2, 5, 11, 3, 7]
[-8, -4, 2, 2, 0, 7, 1, 8]
[-1, 4, 1, -1, -6, -6, 0, 14]
[2, 3, 3, -3, -3, -2, 3, -13]
[-1, -16, -20, -7, -13, -32, -24, -16]
[-14, -7, -9, -3, -12, -10, -1, 31]
[11, -2, -2, 6, 16, 41, 11, -8]
[21, 3, 9, -1, -9, -4, 12, 0]
[7, 14, 2, 4, 2, 7, 2, 12]
[6, 2, -10, -8, -7, -26, -26, -20]
[-9, -10, 4, 1, -2, -17, -13, 8]
[-12, -5, 2, -1, 0, 7, 5, 2]
[-5, -4, -12, -4, -1, 0, 0, -18]
[10, -2, 0, 1, -3, -2, 2, -10]
[-7, -1, -5, -3, -2, 1, 3, 6]
[3, -2, 4, 3, 1, -2, -2, 11]
[-9, -12, 8, -1, -1, -1, -6, -31]
[-12, -18, -15, -5, 1, 4, -1, -53]
[-6, -17, 14, 2, 2, 4, 17, 11]
[-5, 19, 11, 0, -3, -4, -17, 7]
[29, 15, -8, 1, -2, -3, -4, 0]
[-9, 2, 10, 0, 5, 14, 16, 13]
[-9, -12, -16, -3, -4, -8, -2, -11]
[-7, -9, -6, -2, 1, -7, -15, -2]
[-5, -10, -3, -6, -2, 2, -7, -22]
[1, 9, 3, 3, 0, -6, -6, 6]
[-6, -1, -7, -2, -1, -22, -22, 12]
[4, -1, -8, -1, 6, 23, 39, 3]
[10, 3, 5, 0, 1, 14, 12, 10]
[-1, 7, -9, -4, -9, -6, -15, 4]
[4, 7, 4, 1, -2, -1, -10, -3]
[-18, 1, 2, 1, -7, -12, -2, 9]
[-7, -8, -4, -1, 4, -3, -5, 4]
[-2, -2, 9, 4, 4, 2, 3, -4]
[-14, 7, -8, -5, -2, -3, 12, 12]
[16, -6, 0, 3, 3, -5, -13, -5]
[10, 24, -6, -5, 0, 5, 3, 11]
[11, 8, 17, 6, 2, -1, 8, -15]
[-3, -8, -13, 3, -4, 1, -6, -5]
[-3, 5, 3, 1, 1, 3, 5, 4]
[-2, -11, -1, -2, 1, -7, -2, 0]
[-13, -5, -7, -3, 2, 2, 6, 22]
[-2, 2, 5, 0, 4, 5, 3, -6]
[3, 15, -6, -1, -3, 0, 7, -9]
[-16, -4, 0, -2, -3, -7, -23, 15]
[6, -1, 3, 2, 3, -4, 5, -8]
[7, 2, 12, 1, 2, 9, 38, 21]
[-10, -5, -9, -2, 2, 9, -20, -19]
[-2, -4, 0, 0, -1, -7, -4, 11]
[-11, 4, 6, 1, -4, 3, -16, 0]
[3, 3, -3, -2, -5, -14, -11, 1]
[-5, 15, 6, 0, 1, -3, -1, -1]
[-5, -2, -5, 0, -2, 1, 5, -13]
[16, -7, -1, 3, 0, 1, 23, 15]
[15, 1, 2, -6, -2, -2, -10, -22]
[0, -14, -2, -2, 0, -2, 3, 13]
[-5, 0, 13, 1, -1, 2, -2, -12]
[1, 0, 2, -8, -3, -3, -5, -17]
[-10, -15, -5, 5, -3, 7, -2, 4]
[-3, 12, 3, 0, -3, -9, -6, -7]
[22, -13, -13, -4, -3, -7, -5, 5]
[-11, -3, -1, -1, -2, 8, 31, -5]
[18, 19, 7, 0, 3, 4, 12, 36]
[-9, -13, -4, -3, -1, 9, -4, -7]
[-8, 0, 0, 2, -2, -4, 2, -3]
[-3, 1, -5, -2, 1, 1, -11, -6]
[-6, -9, -9, -2, -5, -7, -14, -8]
[-2, 11, 2, 2, -4, -11, 5, 5]
[15, -11, 4, 2, 5, 13, 4, 47]
[14, 14, -7, 0, 4, 7, 11, -11]
[-11, -25, 8, -3, -6, -6, -9, -19]
[8, 4, -1, -2, -2, 1, 11, 3]
[-14, -11, -13, -1, -6, -8, -5, -13]
[4, -10, -3, -1, -3, -11, -11, -11]
[5, 12, 0, -3, 2, 16, -2, 2]
[3, -11, 7, -1, -4, -10, -1, -6]
[-9, -2, -4, 3, -1, 1, 11, 1]
[12, -3, -4, -1, -8, -9, -21, 1]
[-13, 4, -6, -5, -4, -7, -10, -2]
[12, -3, 1, -2, 3, 6, 28, 24]
[-8, -23, -12, -1, -4, -2, -22, -12]
[-4, 35, 8, 3, -1, 8, 8, 15]
[3, -5, -1, 0, 1, -6, -1, -4]
[-9, -2, -4, -1, -5, -5, -17, -12]
[-2, 18, 3, -1, 3, 3, 9, -5]
[-3, -20, -12, -1, -4, -9, -14, -3]
[3, -2, -1, 2, 0, 0, 13, 7]
[-2, -2, -13, 1, -1, 12, 2, 8]
[-8, -4, 5, 2, -2, -13, -7, -13]
[9, -13, -12, -6, -7, -2, -19, -33]
[-8, -7, 1, -1, -4, 0, 0, -1]
[8, -9, 0, -2, 0, 3, -4, 18]
[6, -1, -8, -5, -5, 0, 1, -5]
[-15, -9, 8, 1, 0, -5, -4, 14]
[3, -3, 1, 1, -1, -4, -17, -29]
[-3, 1, -3, 1, 1, -3, 13, -9]
[4, 11, 8, -1, 1, 3, -1, 13]
[4, 8, -3, 0, 5, 2, 7, 22]
[2, 4, -1, -3, -4, -2, 1, -5]
[-5, -9, 2, -1, 3, -4, -10, -3]
[10, 29, 9, 4, 5, 11, 13, 4]
[-13, -9, -3, -1, -3, 1, -5, -8]
[-13, -9, -7, -1, 4, 1, 9, 1]
[16, 3, -6, -3, -2, -2, -7, -2]
[-4, -17, 1, 0, -3, -1, -10, -23]
[-5, 9, 3, 4, 6, 4, 29, 41]
[5, 7, -2, -1, -3, -4, -4, 8]
[3, -5, 7, 2, -6, -16, -19, -18]
[3, -9, -7, -3, -1, 8, 17, -2]
[-7, -17, -1, 0, 0, 5, -16, -5]
[5, -11, -4, 0, 2, -5, -9, 10]
[-12, -3, -3, -1, -1, 4, 30, 2]
[-1, -9, -7, -2, -3, -2, -4, 15]
[12, 38, 15, 3, 3, -2, 0, 18]
[1, 8, -7, -2, -3, 1, -3, -10]
[1, -8, -9, -3, -2, -5, -18, -1]
[-10, -1, 10, 1, 1, 0, 18, 4]
[-1, -26, -12, -6, -10, -9, -2, 5]
[8, 18, 6, 1, 3, 3, -4, -6]
[2, 0, 3, 1, 2, -5, -5, 22]
[-11, -3, -4, -2, 1, 3, 1, -7]
[1, -14, -8, -3, -4, -2, -11, -13]
[-1, -5, -4, -1, 1, 1, 7, 3]
[-2, 3, 5, -1, -1, -8, -14, -5]
[7, -8, -4, -3, -3, -2, -9, -30]
[-3, -5, -3, -4, -4, 2, 13, -5]
[8, -16, -3, -3, -3, 9, -4, 11]
[-12, 15, 1, 5, 7, 1, 7, 19]
[1, 0, -1, -5, -8, 3, -2, 0]
[-7, 21, 3, 2, -1, -10, -7, -14]
[-1, 9, 1, 0, 0, -5, -1, 1]
[-1, -13, -1, -1, -3, 9, 11, -6]
[1, -4, -17, -2, -3, -8, -14, -14]
[-7, -23, -5, -2, 1, -3, -7, -13]
[2, -14, 1, 7, 5, 8, 7, 4]
[20, 22, 28, 2, -1, 0, -4, 25]
[1, 23, 1, 0, -1, -2, 3, 7]
[1, -4, -6, -3, -4, 2, -1, -3]
[-14, -7, -5, -5, 0, -4, -2, -3]
[-1, -7, -11, 1, -1, 4, -2, -16]
[1, 11, 9, 3, 3, 5, 7, 17]
[2, -20, -8, -2, -5, -3, -1, -6]
[3, 33, 9, 3, 4, 0, 3, 1]
[-8, -9, -6, -4, -6, -5, -9, -17]
[-1, -10, -1, -6, -4, 3, -8, -1]
[-4, -3, 0, 1, -2, 0, -11, -18]
[1, -4, 1, -1, -4, -5, 2, -9]
[-3, -5, -9, -3, -3, 0, 9, 3]
[7, -1, 8, 5, 3, -11, -3, 23]
[6, 28, 7, 3, 7, 15, -1, 7]
[6, 10, -2, -1, -3, -6, -4, -8]
[-18, -29, -3, 0, 0, 1, -6, -8]
[19, 15, 0, 2, 5, -3, 10, 21]
[6, 1, 2, -3, -4, -10, -20, -21]
[-13, -1, 0, 1, -2, -1, 1, -2]
[16, -2, -2, -3, -1, -3, -4, -2]
[-17, 0, 0, 3, 1, 5, 7, 16]
[-14, -4, 1, 1, 0, 0, 9, -2]
[11, 22, 3, 0, -1, -5, 1, 7]
[-5, 20, -4, -1, -2, 0, -6, -5]
[-14, -13, -5, -5, -5, -5, -7, -24]
[19, -7, -1, 0, 1, -2, 3, 24]
[-16, -15, 0, -2, -4, -5, 4, 7]
[9, 14, 4, -1, 1, 10, 3, -4]
[3, -16, -8, -3, -3, 5, -11, -35]
[-19, -2, -4, 1, 0, -11, -1, 23]
[-6, -10, -5, -2, -2, -9, 1, -1]
[21, 4, 3, 2, 1, 18, 7, 24]
[-6, -3, -5, -5, -7, -8, -4, -7]
[-5, -10, -3, -1, -3, 6, 4, -17]
[-2, 21, -2, -1, -3, -5, -8, 13]
[-13, -29, -5, 2, 2, -8, -1, -3]
[1, 9, 2, 3, 4, -2, 4, 6]
[20, -3, -5, -2, 2, -1, -5, -5]
[22, -7, 1, -3, -4, 6, 5, -49]
[-7, -6, 5, -3, 0, -6, -3, 0]
[2, 16, 1, 3, -2, -6, -5, 6]
[-7, -8, 1, -6, -3, -2, -3, -7]
[-6, -10, -8, -1, 3, 6, 2, 6]
[-1, -31, -8, -4, -4, -8, -1, -10]
[18, -9, 0, -2, -4, 0, -7, -7]
[2, 16, 0, 0, -1, -4, 1, 9]
[1, -19, 2, 0, -1, 7, 4, 13]
[-8, -6, -2, -1, -3, -5, -4, -18]
[-22, 19, 6, 2, 3, -3, 6, 15]
[9, 1, 1, 2, 0, 7, 1, -9]
[7, 5, 4, 0, -1, 7, 0, 14]
[-1, 14, -2, 1, 0, 0, -3, -7]
[-13, -12, -7, -2, -4, -1, -1, 5]
[-13, -16, -5, -1, 1, 2, 7, -10]
[8, 26, 5, 0, -2, -5, 2, -1]
[-6, -2, -7, -4, -5, -1, -10, 10]
[6, -25, -6, 0, 1, 0, 0, -2]
[-7, 22, 13, 0, -1, -5, -4, 0]
[-5, 0, -3, -2, -2, 4, 3, 2]
[0, -15, 2, 1, 2, -2, 0, 11]
[6, 3, 10, 0, 0, 5, 4, 18]
[-2, -1, -1, 0, -1, -7, -1, 1]
[-8, -8, -3, 2, 3, -1, -2, 1]
[6, 14, -3, -2, -1, -7, -1, -3]
[13, -8, 1, -1, -1, 2, -11, -6]
[-5, -15, -7, -4, -4, 3, 6, -19]
[-5, -14, -1, -3, -2, -2, -3, 6]
[7, 21, -8, -3, -3, 0, -3, -5]
[-17, -32, -15, -1, -3, -4, 3, -18]
[19, 8, 3, 2, 3, -5, 2, 14]
[0, 11, 8, -1, -5, 3, -4, 0]
[1, -14, -2, -1, -5, -5, -9, -33]
[5, 9, -2, -4, -3, 1, 10, -1]
[-13, -7, -8, -2, -3, 3, -2, 3]
[-4, -9, -8, 1, 2, -4, 6, 4]
[-5, 5, 3, 1, 2, 3, -8, -4]
[3, 9, 2, -2, -4, -7, 4, -2]
[-2, -12, -1, 1, 4, 4, -4, 0]
[7, -4, -1, -2, -1, -4, -2, 4]
[-10, 1, -1, 0, -4, -2, 0, 6]
[-6, -7, -3, -2, -5, -8, -3, -10]
[15, 7, 0, 2, 1, 11, 4, 2]
[2, -15, -3, -3, -7, 4, -13, 7]
[-19, 1, -3, 2, 0, -4, 8, -6]
[10, -3, 12, 2, 2, 0, 16, -2]
[-3, -11, -3, -6, -10, -6, -10, -24]
[10, 12, 2, 3, 3, -3, 1, 7]
[-1, -21, -7, -4, -6, 2, -1, -6]
[-22, -4, -5, -3, -3, -7, -10, -4]
[-2, 6, 3, 2, 0, -2, 2, 6]
[-3, -3, 4, -4, -7, -3, -5, -5]
[4, 0, -3, 0, 0, -1, 3, -2]
[21, 9, -12, 1, 3, 3, -3, -5]
[-23, 2, 0, -4, -9, -8, -4, 0]
[11, -6, -2, 3, 1, -1, -11, -1]
[-12, -6, 2, -4, -4, 0, 4, -3]
[-17, 6, -6, 0, 1, 5, -4, -4]
[27, -4, -5, -1, -3, 0, -1, 7]
[-5, 3, -7, -5, -2, -5, -2, -22]
[12, -4, 4, 1, 0, 4, 8, 18]
[-21, 2, -1, 0, 0, 0, -9, -1]
[-25, -10, -5, -1, 0, -2, -3, -22]
[-21, -20, -15, -2, -6, -13, 7, 22]
[31, 17, 8, 1, -2, 3, -12, 13]
[-2, -12, -22, -3, -3, -4, 1, -8]
[41, 23, 52, 3, -4, 9, -19, 14]
[-18, -19, -11, 0, 3, 1, 7, 0]
[-18, 14, 1, 1, 5, 2, -1, -8]
[-14, -10, -26, -5, -2, -7, -6, 7]
[21, 16, 3, 0, -2, -2, -3, 1]
[-9, -10, 16, -4, -5, -3, -4, -1]
[-1, 13, -5, 6, 6, 8, 11, -2]
[11, 76, 117, 16, -2, 5, 6, 15]
[-41, -26, -42, -5, -1, -12, 4, -2]
[26, -5, -3, -3, 1, 4, 6, -24]
[-5, -18, -31, -8, -9, -15, -8, -36]
[45, -16, -36, -8, -10, -26, -56, 17]
[26, -4, -9, 11, 12, 34, 61, -23]
[-33, 15, 12, -8, -15, -6, -18, -7]
[-71, -25, 15, -6, 2, -5, -23, -20]
[56, -15, -12, 0, -3, -4, 16, -28]
[-8, 27, 2, -3, -10, -22, -30, -13]
[36, -6, -30, 3, 10, 5, -19, 51]
[28, -14, -28, -12, -16, -17, -42, 2]
[-103, -40, 12, -8, 6, 29, 89, -1]
[-91, -99, -55, -25, -19, -51, -20, -73]
[100, 108, 43, 15, 16, 59, 46, 83]
[-33, 3, 30, 12, 2, 3, -32, -66]
[-35, 10, 2, 12, 9, 17, -26, -26]
[-110, -112, -102, -18, -7, -24, -6, -49]
[-87, -14, 49, 10, -12, -44, -9, -66]
[49, 53, 31, 20, -21, -36, 32, 112]
[-52, 33, 10, -11, 35, 98, 48, -8]
[81, -4, -33, 4, 14, 20, -17, 31]
[6, 1, 31, 9, 1, -31, -9, -34]
[-46, 20, -33, -10, 7, 3, 65, 5]
[100, 61, 44, 62, 9, 3, 19, 80]
[-60, -14, 35, -3, 3, 9, -24, -35]
[-24, -2, -81, -24, -9, 3, -2, -25]
[-19, -40, -21, 7, 18, 20, 27, -35]
[-3, 36, 18, -6, -1, -25, 41, 37]
[49, 1, 41, 19, -12, -5, -17, 24]
[-1, 6, -1, 37, 9, 14, -3, -11]
[-5, -43, -25, -17, -10, -9, -29, -59]
[14, -2, 31, -1, -2, -15, -16, -35]
[4, 3, 5, 0, -1, 5, -38, 30]
[-23, 41, 52, 1, 7, 37, 85, -33]
[3, -56, -12, -13, -11, -21, -40, 44]
[0, 1, -44, 4, 0, 10, 16, 5]
[14, -5, -15, -24, -25, -27, -32, 33]
[-15, -23, -18, -2, -6, -43, 6, 39]
[42, -10, -17, -4, 7, 26, -56, -2]
[-5, -44, -42, -31, -35, -76, -82, -18]
[7, 68, 56, 24, 25, 38, 49, 5]
[6, -65, -36, -16, -9, 25, -22, 69]
[3, 3, 28, 7, 8, 5, 44, 27]
[3, 20, -20, -23, -17, -40, -49, -58]
[-12, -22, -30, 2, -3, -5, -10, -8]
[-1, -39, 35, 16, 31, 42, 64, 37]
[-16, 71, 8, -8, -17, -34, -40, -3]
[-23, -49, 5, 5, 3, 26, -1, 3]
[32, 44, -2, 1, 6, 10, 31, 26]
[-18, -27, -34, -15, -15, -40, -56, -16]
[-3, 19, 34, 17, 27, 62, 47, 21]
[-17, -17, -18, -5, -14, -26, -7, -23]
[5, 40, 28, 13, 15, 25, 31, 20]
[-23, -21, -17, -5, 13, 54, -23, -1]
[17, 10, 4, 0, -2, -29, -2, 9]
[6, -3, -16, -9, -9, -5, -22, 2]
[12, 13, 16, 6, 3, -17, -4, 18]
[-10, 12, -2, -9, -13, -23, -25, -26]
[-2, 7, -7, -1, -2, -22, 40, -5]
[4, -31, -10, 2, 8, 26, 5, 13]
[-7, -4, 2, -9, -12, -19, -27, 0]
[-15, 10, -6, -2, -4, -4, -6, -46]
[12, -12, -20, -7, -14, -6, -13, -13]
[23, -23, -26, -12, -10, 12, -4, 31]
[-11, 5, 9, -3, -7, -3, 22, -31]
[6, -1, -5, -1, -4, -19, -34, 14]
[12, 5, 8, 6, 6, 0, -5, -4]
[-17, 14, 5, 2, 11, 7, 5, 12]
[-33, -10, 17, 5, 8, 8, 14, 5]
[25, 22, 8, 6, 14, 9, 1, -24]
[39, 6, 0, 3, 4, 1, 14, 20]
[-18, -3, 5, 2, -7, 21, 8, 8]
[1, 9, -5, -3, -1, -11, -13, 22]
[-50, -45, -19, -13, -30, -19, -3, -89]
[28, -31, -23, -16, -10, -2, -10, -48]
[29, 12, 1, 0, -11, -23, -17, 14]
[6, -24, -34, -13, -12, -34, -77, -20]
[10, 6, 19, 13, 22, 49, 70, 34]
[-37, 16, 6, 0, 3, 26, 35, 26]
[-23, -51, -21, -7, -12, -25, -31, -15]
[7, 53, 41, 8, 11, 11, 22, 21]
[13, -3, -19, -3, -9, -39, -49, 17]
[-20, -9, 12, 1, -1, 16, -13, -12]
[20, 27, 4, 7, 11, 2, 17, 17]
[-13, -11, -23, -2, -9, -14, 0, 1]
[36, 9, 8, -5, 6, 21, 48, -17]
[-4, 13, 6, 14, 4, -1, -5, 13]
[-7, -3, 9, 4, 5, -1, -10, -17]
[2, 7, -2, -5, 0, 2, -3, 11]
[-2, 3, 1, -3, -7, -17, -2, -8]
[-13, -5, -4, -4, -7, -5, -18, 7]
[-9, -13, -6, -4, -2, -7, 4, 10]
[8, -2, 3, 4, 3, -6, 6, -10]
[13, 10, 2, 0, 3, 33, 31, 19]
[-27, -15, -10, -5, -8, -13, -7, -5]
[3, 6, 2, 2, 5, 20, 0, 10]
[22, 5, 6, -2, -3, 10, 20, -6]
[-8, -6, -9, -9, -11, -23, -46, -51]
[-6, -2, -1, 0, -1, -26, -19, -1]
[-4, -4, 1, 4, 11, 34, 68, -39]
[-3, 10, 2, -2, 1, 18, -2, -10]
[4, -20, -9, -4, -6, -18, 3, 4]
[4, -7, -17, -2, -12, 0, -5, -11]
[-7, -7, -7, -10, -14, -30, -25, -22]
[9, 0, 12, -2, -6, 4, 10, 3]
[-13, -2, -9, -4, -5, -10, -3, 0]
[1, -9, -28, 1, 5, 7, -16, -12]
[-1, 7, 27, 7, 2, -1, 35, 43]
[-13, 9, -4, -6, -8, -2, -18, -15]
[-2, 8, 10, 8, 10, -11, -4, 17]
[20, 5, 8, -2, -1, 12, -1, 8]
[6, -24, -18, -2, 0, -9, -22, -32]
[0, 6, 3, 3, 6, 7, 17, 32]
[-8, 5, 1, -5, -7, -8, -15, -3]
[-18, -15, 3, 2, 2, 1, 7, 9]
[-9, -2, -7, -4, -1, -6, 8, -16]
[-5, -2, -6, 1, -1, -11, -17, -3]
[18, -1, 10, 2, 5, 21, 9, 2]
[8, -2, 14, 4, 2, 9, 27, 17]
[-3, 39, 1, -3, -2, 1, -14, 7]
[-8, -18, -13, 1, -6, -12, 8, -5]
[-4, -10, -17, -5, -5, -10, -25, 15]
[-1, 9, 3, -2, -1, -10, -10, -25]
[-3, -6, 2, 0, -3, 0, 0, -21]
[5, -14, -12, -3, 0, 9, 17, -10]
[-6, 2, -2, 0, -5, -13, -14, -23]
[-14, -29, -6, -8, -8, -7, -5, -19]
[-31, 20, -9, 3, 4, -2, 9, 18]
[50, 22, 14, 7, 18, 23, 16, 39]
[19, 4, 15, 2, -12, -7, -2, -1]
[0, 34, 25, 2, -9, -6, -2, 11]
[-8, -26, -12, -4, -1, -7, -17, -7]
[-24, -15, -6, -3, -3, -1, 6, -14]
[-6, 4, -18, -3, 1, 1, 0, 14]
[1, 1, -4, 0, 3, 3, 2, -1]
[14, -12, 1, -2, -9, -3, -15, -16]
[-1, -1, 1, 0, -2, 1, -1, -2]
[5, -2, -7, -5, -8, -11, -11, 2]
[0, -1, -3, 0, 1, 4, -5, -10]
[2, -18, -7, -9, -12, -16, -43, -14]
[-13, -18, 14, 7, 7, 15, 54, -31]
[0, -8, -5, -2, 6, 25, 27, 28]
[18, 27, 1, -1, -3, -3, -25, -6]
[17, 26, 12, 5, 9, 10, 14, 62]
[-10, -34, -10, -5, -13, -24, -28, -10]
[-11, -5, 1, 0, 1, -3, -11, -22]
[-16, -3, 1, 1, 3, 5, 10, 3]
[5, -6, -5, -3, -5, -4, -10, -6]
[4, 6, -1, -4, -4, 2, -8, 5]
[6, 4, 2, 0, -2, -7, -3, -8]
[-3, -9, -11, -2, -3, -2, -2, -6]
[-19, -3, 0, 2, 2, 2, 22, 17]
[7, 31, -8, 1, 3, -10, -41, -1]
[-8, -25, 2, 10, 9, 23, 77, 13]
[30, 59, 33, 8, 4, 9, -12, -3]
[4, -7, 2, -1, -6, -6, 20, 8]
[-11, 8, 0, 0, 3, 6, 0, -3]
[-2, 11, -4, -2, 1, -16, -30, 21]
[-18, -24, -15, -4, -2, -3, -4, -6]
[4, 0, 6, 2, 2, 10, -4, -12]
[0, -7, -6, -3, -5, 2, 9, 6]
[-13, 2, 2, 0, -7, -12, -26, -11]
[6, -8, -3, -1, -2, 2, 21, -1]
[-1, -4, -1, -1, 0, -6, -26, -18]
[0, -10, -5, -3, -2, 9, 21, 32]
[5, 12, -1, 3, 7, -3, 0, -5]
[0, 29, -1, -1, -1, 2, -7, 5]
[-7, -24, -4, -4, -4, -9, -20, -17]
[14, 14, 7, 8, 6, 17, 3, 8]
[15, -13, 2, -5, -6, -4, 3, 30]
[-7, -26, -14, -2, 3, 2, 4, -5]
[6, 11, -3, -7, -9, -6, -4, -30]
[-13, -27, -6, -2, -5, -13, -28, -59]
[-7, -18, -7, 0, -7, -14, -19, 17]
[-15, -10, 12, 0, -4, -5, -2, -3]
[19, 10, 11, 3, 0, 5, 4, 15]
[-2, -2, -4, -1, -6, -5, -5, 4]
[2, -24, -15, -7, -8, 0, -17, -39]
[-8, 6, -4, -1, 1, -2, 12, 11]
[-7, 5, 17, 3, 5, 6, 7, -5]
[7, 3, -5, 2, -3, -4, -12, 6]
[2, 26, 1, 1, 5, 4, 8, 9]
[6, -25, -3, 2, 2, 5, 4, -8]
[-5, 19, 0, 1, 4, 4, 4, 4]
[2, -4, -6, -4, -7, -6, 5, 6]
[-14, 7, 9, -1, -8, -8, -27, -33]
[12, -6, -11, -3, -5, -3, -7, -2]
[-6, -10, 0, 3, 4, 4, 19, 17]
[-19, -8, -4, -4, -5, -2, -1, -2]
[6, 13, -2, -1, -1, -1, -9, -34]
[12, 5, -1, 2, 2, 4, 9, 39]
[3, -12, -9, -2, -3, -4, -2, -10]
[-8, 14, 2, 0, 2, 9, 21, 3]
[-16, -3, -1, -3, -3, -5, 13, 16]
[-2, 4, 5, 0, -3, 2, -9, -20]
[3, -23, -13, -4, 2, -4, -8, -14]
[-3, 24, 13, 0, 0, -3, 3, 16]
[-15, -8, -10, -2, -2, 1, 2, 10]
[-4, -27, -2, 1, 0, 2, -3, -9]
[-4, 12, -6, -1, -6, -3, -1, 19]
[1, -13, 5, -1, 0, -9, -7, -14]
[6, 12, 10, 6, 5, 14, 37, -2]
[3, -4, -8, -6, -5, -8, -8, 7]
[-12, -9, -6, -2, -3, 0, -4, -7]
[9, -9, -3, 1, -4, -3, -2, 4]
[0, 12, -1, -3, -2, -4, -9, -8]
[-1, -5, 0, 1, 1, -4, 2, 27]
[3, 0, 1, 0, -4, -5, -3, -16]
[-9, -12, -1, 0, -2, 4, -5, 4]
[-3, 12, -9, 0, 3, -6, 3, 3]
[36, 12, 8, 3, 2, 21, 33, 19]
[0, 10, 2, 2, 0, -13, 9, 8]
[12, 3, 13, -1, -3, 0, 0, -5]
[-6, -4, -17, -2, -5, -6, -18, -8]
[-31, -17, -8, 0, -5, -7, -12, 5]
[1, -1, -6, 0, 1, 7, 5, 7]
[6, -6, -6, -3, -3, -3, -1, -19]
[4, -14, 5, -2, -2, -1, 0, -13]
[-4, 8, 1, -1, 0, -7, -1, -4]
[19, -7, 0, -1, -1, 5, -9, 3]
[-2, 0, -8, -2, -4, -12, -21, -22]
[1, -28, 0, 2, 4, 11, 20, 42]
[-10, 36, 11, -3, -1, 0, 0, -27]
[7, -19, -8, 0, -1, -1, -15, -16]
[22, 41, 13, 1, -1, 0, 0, 18]
[8, -25, -5, -4, -3, -2, 5, -3]
[-4, -30, -7, 4, 0, -4, -3, 3]
[-13, -6, 6, -4, -6, 3, 5, -2]
[-3, -2, -15, 0, 4, 4, 3, 6]
[5, 19, 15, 3, -3, -5, -15, -8]
[-5, -10, 6, -5, -2, -1, 7, -1]
[-5, 0, -9, 2, 4, 4, -7, 5]
[-8, -11, -2, 2, 2, 0, 13, 18]
[4, 7, 4, -3, -4, -4, -10, -4]
[1, -8, -8, -2, -2, 0, -1, -16]
[-8, 16, 1, 2, 1, 0, -10, 11]
[6, -2, 9, -1, -3, -7, 6, 4]
[-5, 1, -7, 2, 5, 10, 13, -3]
[0, 13, -1, 2, -1, 5, -14, -6]
[-7, -15, -1, 0, -2, -3, 4, 3]
[-2, -13, 0, -2, -2, 1, -13, -20]
[1, 17, 11, 2, -1, -4, 12, 15]
[-8, -10, -15, -7, -6, -6, -8, -10]
[2, 13, -4, -2, 0, 0, 5, 0]
[13, -7, 6, 1, 2, 6, 7, 13]
[-9, -16, -10, -1, -4, -6, -21, -6]
[4, 7, 4, 2, 1, 1, -1, 0]
[-19, -13, -6, -4, -6, -1, 3, -9]
[14, 20, -3, 2, 1, -3, -3, -3]
[-3, -6, -7, -6, -3, 1, -12, -41]
[-8, -8, 5, -2, -4, -7, 27, 26]
[16, 10, -1, 2, 2, 2, -7, -4]
[16, -18, -9, 1, -3, 3, 10, 16]
[-10, 1, 16, 3, 2, -1, -10, 7]
[7, 14, -13, -1, -3, -6, -14, -8]
[-10, 13, 23, -1, 0, 0, 1, -43]
[-16, -39, -11, -3, -1, -2, 13, 43]
[4, 7, -3, -1, -4, -4, -1, -6]
[-3, -27, -4, -7, -8, -9, -15, -78]
[23, 2, -16, -2, -5, 6, 4, 11]
[-12, 17, 6, 0, 3, 6, 3, -18]
[9, -10, -7, -2, -1, -11, 1, 2]
[-1, 2, 1, 1, 0, 7, -4, 14]
[-3, -9, -1, 0, 0, -9, -4, -6]
[-14, 0, -3, -2, -1, 3, 11, -18]
[14, 4, 5, 0, -2, -4, -3, 7]
[-7, 7, -6, 3, 5, 4, 17, 17]
[-4, -5, 1, -3, 0, 3, -3, 0]
[7, -3, 0, 0, 0, 3, -2, -9]
[-9, 19, 8, 3, 0, -2, 16, 19]
[-13, -19, 2, 1, -3, -4, 1, 8]
[-10, 8, -7, 0, -1, 0, -3, -1]
[16, 5, 13, -4, -8, -7, -12, -12]
[11, -7, -5, -2, 5, 8, -2, 34]
[4, -2, 7, 2, 0, -5, -10, -3]
[-17, -10, 2, -1, -4, -4, 2, 10]
[-13, 7, -6, 2, 0, -6, -8, 2]
[7, -13, -1, -3, -4, 5, -9, -32]
[0, 3, -1, -1, 0, -9, -1, 10]
[8, -16, -3, 1, 2, 9, -4, 3]
[-6, 3, -6, -5, -6, 0, 0, -24]
[1, -3, -8, 1, -3, -9, 0, -28]
[0, -16, -8, -3, -4, 0, -10, -17]
[15, 0, 2, -4, -4, -4, 1, 0]
[-2, 5, 0, 1, 1, -8, -3, -6]
[3, 0, -7, -2, -3, -2, -24, 31]
[5, 8, -1, -3, -3, -7, -8, -4]
[16, -5, -1, 2, 0, 6, 9, 0]
[-19, -4, -2, -2, -3, -3, -4, -2]
[-8, 2, -5, -2, -5, -3, -2, -24]
[31, 14, 3, 6, 5, 3, 6, 7]
[3, -2, 1, -1, 0, 0, -5, 2]
[-1, 0, 1, -1, -2, -3, 4, 6]
[3, -8, 9, 1, 1, 1, -4, -2]
[-8, 1, -4, -2, 0, 4, 0, 9]
[-12, -5, -8, 0, -4, -7, -1, -24]
[13, -10, 7, 0, 5, 2, -3, 11]
[-10, 4, -5, -2, -3, 2, -3, 0]
[0, -3, -4, -5, -7, -3, -6, -11]
[0, 3, 8, 3, 4, -4, 9, 9]
[1, -5, -7, 2, 0, 0, -8, 28]
[-7, 1, -2, -1, 2, 16, 4, 4]
[-3, -6, 0, 0, 1, -6, 9, 14]
[2, 0, 1, -2, -5, -2, 4, 0]
[-6, 3, -2, 2, -2, 0, -8, 9]
[4, 1, 2, 2, 5, 0, 8, 16]
[-5, -14, -4, -3, -2, 2, -5, -8]
[-7, 5, 4, 3, 3, -1, 3, 16]
[-3, -1, -7, -2, -3, 2, 9, 0]
[3, 2, -13, -5, -8, -10, -14, -47]
[7, 19, 0, -1, 0, 2, 4, 6]
[-5, 0, 4, 0, -2, -2, 5, 7]
[4, -13, -12, -2, -1, 1, -10, -14]
[-6, -6, 2, 4, 1, -4, 3, -7]
[10, 6, 4, -2, -3, -1, -2, 13]
[9, -8, -10, -6, -6, -1, -12, -18]
[0, -7, -3, 0, 0, -3, 1, -7]
[-8, -26, -2, -1, 0, -1, -4, 13]
[-14, 21, 3, 3, 3, -7, 8, 6]
[3, -10, -4, 0, -1, -3, -9, -6]
[-2, 7, 4, -2, -2, 3, 9, 16]
[8, 0, -6, -3, -4, -3, -9, -13]
[12, -7, 1, 0, -2, -4, -4, 14]
[-17, -3, -2, 0, -2, 6, 10, -6]
[-12, -8, -1, -1, -1, -8, -7, -19]
[22, 15, 6, 2, -2, 10, 4, 18]
[0, 6, 2, 1, 4, 0, 1, 24]
[-6, 5, 0, 1, 0, 4, -4, 22]
[-8, -6, -3, -2, -2, -2, 3, -9]
[-11, -9, -3, -1, -1, -10, -1, -3]
[14, -2, -4, 2, 0, 13, -3, 9]
[-6, -2, 7, -1, -1, -7, -4, 2]
[0, -16, -3, -2, -1, 10, 2, -3]
[3, 21, 10, 0, -1, -3, 2, 5]
[10, -5, -13, 0, 1, 0, 5, 3]
[-16, 3, 13, 1, 0, -5, -8, 0]
[4, -4, 2, -1, 0, -3, 0, 8]
[-10, -7, -7, -4, -5, -5, -1, -7]
[-13, -18, -11, 0, -1, 4, -9, 5]
[21, 13, -7, -2, 1, 3, 9, -5]
[-1, -5, 6, 0, -3, 3, 9, -5]
[-1, -4, -7, -2, -1, 4, 0, -1]
[-9, 7, 10, -1, 1, -1, 9, -2]
[-1, -26, -13, -1, -3, -4, -6, -11]
[-3, 26, -1, 0, 0, -1, -10, -9]
[7, 0, 4, 2, 3, 2, -1, 6]
[-2, -6, 5, -1, -3, -8, 3, -3]
[0, -5, -10, -4, -4, -3, -3, -8]
[-5, -1, 0, 0, -2, 2, -3, 12]
[-3, 3, -1, 1, -2, 0, 1, 10]
[1, 1, -5, -5, -4, -1, -4, -20]
[-3, -3, 10, 0, 1, 4, 2, 8]
[9, 0, 3, 2, -1, -1, 0, 6]
[8, 24, -1, 0, -2, -1, 6, 4]
[-15, -43, 4, -1, 1, -2, -12, 3]
[-9, 11, -11, 2, 1, 1, 7, 23]
[2, -18, -8, -2, 1, 8, 4, -3]
[-16, -1, 5, 1, -1, -3, -3, -10]
[0, 1, -11, -1, -5, -1, 1, -39]
[8, 20, 12, -6, -10, -10, -7, -28]
[-11, -9, -6, -2, -4, -9, -21, -13]
[0, -19, -10, -5, -1, 5, 4, -2]
[-9, 13, 12, 3, -1, -1, -5, 1]
[5, -7, -6, -1, -3, -1, -7, 4]
[-6, 10, 1, 0, -4, -6, 5, 4]
[25, 1, 5, 3, 7, 3, -1, 25]
[-3, -10, -5, -3, -4, 3, -10, -4]
[4, -5, -7, 0, 1, 2, 5, 4]
[-4, 6, 2, -2, 1, 0, 0, 1]
[5, -1, 8, 2, 0, -3, -4, 2]
[-3, 11, 0, 1, -3, -1, 6, 2]
[-3, -11, -3, 3, 6, -3, -5, 16]
[19, 5, 0, -1, 0, 0, 10